street_94 1.000 394.0 290.0 464.0 358.0
578ca3f35d8aa 1.000 452.0 352.0 569.0 524.0
578ca3f35d8aa 1.000 108.0 227.0 207.0 319.0
857f62dab1bfda37160dd0f2b2b0449a 1.000 236.0 318.0 360.0 456.0
1226202192 1.000 11.0 180.0 125.0 359.0
1432629068_jKpITG 1.000 119.0 408.0 210.0 516.0
0022191067d711df14dd4e 1.000 59.0 209.0 266.0 358.0
street_188 1.000 192.0 251.0 275.0 363.0
street_188 1.000 325.0 123.0 591.0 416.0
13965527_102133595001_2 1.000 105.0 289.0 363.0 495.0
1341751756 1.000 179.0 328.0 258.0 455.0
5693506cf21d2_600_0 1.000 306.0 339.0 431.0 507.0
street_96 1.000 205.0 448.0 302.0 596.0
00269e325eb81a0ce4990b 1.000 340.0 161.0 445.0 244.0
13965527_112009872001_2 1.000 139.0 259.0 333.0 451.0
street_117 1.000 403.0 329.0 456.0 401.0
street_117 1.000 219.0 238.0 322.0 307.0
street_117 1.000 1.0 352.0 36.0 455.0
street_159 1.000 384.0 346.0 558.0 479.0
street_65 1.000 211.0 305.0 317.0 373.0
20035A956-0 1.000 21.0 273.0 59.0 360.0
20035A956-0 1.000 358.0 217.0 402.0 291.0
974582c2-7d37-4cbd-ba35-3efac6c3fbb6 1.000 196.0 236.0 267.0 299.0
224_150712112752_1 1.000 184.0 298.0 271.0 500.0
street_34 1.000 14.0 296.0 74.0 371.0
street_32 1.000 206.0 309.0 273.0 375.0
street_95 1.000 105.0 173.0 182.0 298.0
street_95 1.000 358.0 210.0 420.0 279.0
street_119 1.000 266.0 426.0 363.0 551.0
street_160 1.000 134.0 400.0 252.0 503.0
704_556435_760364 1.000 82.0 170.0 155.0 233.0
704_556435_760364 1.000 226.0 465.0 308.0 529.0
704_556435_760364 1.000 362.0 139.0 449.0 208.0
0022191067d71377d6bd2c 1.000 389.0 300.0 467.0 427.0
60201_1335294_660407 1.000 310.0 356.0 346.0 443.0
60201_1335294_660407 1.000 498.0 263.0 534.0 354.0
60201_1335294_660407 1.000 383.0 238.0 404.0 296.0
0022191067d711df14e020 1.000 360.0 185.0 533.0 314.0
887FDDBFEAC69AB080F4D5CE4DAD88 1.000 205.0 266.0 448.0 387.0
887FDDBFEAC69AB080F4D5CE4DAD88 1.000 129.0 207.0 225.0 344.0
140-150FQ44107-50 1.000 206.0 157.0 277.0 458.0
8388-150512110257 1.000 316.0 155.0 381.0 324.0
street_138 1.000 245.0 290.0 392.0 417.0
128441872_14478166149301n 1.000 364.0 388.0 514.0 542.0
161I3A91-0 1.000 264.0 232.0 307.0 403.0
161I3A91-0 1.000 200.0 207.0 242.0 380.0
703_588663_182310 1.000 370.0 152.0 464.0 326.0
street_146 1.000 251.0 272.0 351.0 323.0
56935071a4822_600_0 1.000 247.0 305.0 342.0 373.0
936661 1.000 399.0 279.0 441.0 323.0
street_180 1.000 287.0 278.0 411.0 514.0
street_92 1.000 218.0 246.0 311.0 388.0
1309169087 1.000 162.0 504.0 259.0 590.0
1309169087 1.000 122.0 174.0 244.0 271.0
1309169087 1.000 524.0 114.0 588.0 190.0
1309169087 1.000 377.0 125.0 422.0 202.0
0715 1.000 200.0 361.0 391.0 512.0
589918b328aeb_600_0_water 1.000 229.0 198.0 291.0 252.0
62731412_1507781861293 1.000 192.0 234.0 317.0 300.0
street_134 1.000 172.0 221.0 288.0 319.0
140327jiepai01 1.000 186.0 138.0 286.0 290.0
101140 1.000 107.0 215.0 284.0 374.0
1315734351 1.000 373.0 282.0 486.0 390.0
99053773 1.000 369.0 269.0 437.0 365.0
street_154 1.000 342.0 243.0 389.0 307.0
224_130710115250_1 1.000 18.0 256.0 250.0 416.0
street_85 1.000 171.0 378.0 238.0 513.0
224_150719221527_6 1.000 39.0 230.0 220.0 422.0
1285199237 1.000 290.0 422.0 393.0 543.0
1285199237 1.000 315.0 145.0 439.0 237.0
1285199237 1.000 2.0 147.0 164.0 288.0
1285199237 1.000 26.0 486.0 126.0 566.0
1285199237 1.000 197.0 427.0 303.0 510.0
194546 1.000 114.0 279.0 215.0 363.0
388473_111 1.000 323.0 172.0 385.0 232.0
887EDBBDE8C498B187F2D5CF4CA983 1.000 118.0 246.0 157.0 331.0
347f0a1afa3d5c05d02bc6a2f706d148 1.000 368.0 334.0 402.0 398.0
201J43593-0 1.000 439.0 373.0 534.0 481.0
148_23365_728_01 1.000 394.0 363.0 529.0 535.0
0022191067d7114a2d2c3c 1.000 308.0 77.0 420.0 264.0
street_140 1.000 176.0 269.0 266.0 408.0
799108114 1.000 353.0 317.0 446.0 538.0
384a2609d5659206d16c19d501cf4af3 1.000 124.0 203.0 215.0 351.0
street_69 1.000 216.0 451.0 299.0 573.0
street_69 1.000 301.0 345.0 408.0 444.0
1119236245_14688207093731n 1.000 305.0 94.0 394.0 336.0
82997328 1.000 338.0 127.0 451.0 335.0
street_61 1.000 12.0 276.0 89.0 386.0
street_61 1.000 5.0 395.0 97.0 590.0
street_61 1.000 484.0 227.0 595.0 321.0
street_54 1.000 354.0 341.0 465.0 557.0
140-150FQ44108-50 1.000 157.0 261.0 208.0 455.0
street_46 1.000 324.0 221.0 426.0 335.0
0612mnmxyzsqzjpgqsjbz8 1.000 354.0 267.0 441.0 336.0
19340-589588059c2f6_600_0_water 1.000 50.0 431.0 88.0 533.0
19340-589588059c2f6_600_0_water 1.000 262.0 331.0 295.0 371.0
19340-589588059c2f6_600_0_water 1.000 320.0 398.0 345.0 468.0
19340-589588059c2f6_600_0_water 1.000 431.0 267.0 488.0 362.0
42439_678492_316421 1.000 159.0 186.0 239.0 301.0
street_177 1.000 182.0 286.0 246.0 341.0
13965527_141649838001_2 1.000 228.0 237.0 320.0 364.0
0022191067d71377d6bd20 1.000 327.0 296.0 444.0 483.0
91061571daa874fae03d5b056155a79d 1.000 166.0 358.0 245.0 455.0
152J36409-0 1.000 56.0 536.0 139.0 600.0
36863334 1.000 503.0 201.0 586.0 297.0
36863334 1.000 217.0 195.0 293.0 308.0
36863334 1.000 128.0 303.0 193.0 427.0
street_125 1.000 284.0 361.0 443.0 484.0
6799a2f3gw1dug2mub63bj 1.000 182.0 222.0 251.0 362.0
961861887 1.000 143.0 236.0 251.0 344.0
1047572344 1.000 214.0 277.0 270.0 382.0
street_118 1.000 151.0 315.0 224.0 501.0
0022191067d711df14de00 1.000 340.0 261.0 522.0 420.0
11412R115-0 1.000 165.0 331.0 203.0 474.0
00269e325eb81a0ce49901 1.000 130.0 257.0 229.0 343.0
6538f664-0c3a-4745-9b6b-eec42a251cc2 1.000 310.0 264.0 427.0 346.0
36864445 1.000 209.0 354.0 286.0 473.0
36864445 1.000 529.0 218.0 591.0 312.0
36864445 1.000 15.0 212.0 115.0 328.0
36864445 1.000 68.0 554.0 100.0 589.0
36864445 1.000 104.0 525.0 143.0 569.0
36864445 1.000 250.0 557.0 317.0 590.0
36864445 1.000 319.0 567.0 364.0 592.0
street_23 1.000 140.0 250.0 240.0 336.0
154RIR2-4 1.000 335.0 456.0 500.0 600.0
154RIR2-4 1.000 498.0 436.0 599.0 600.0
589918b2a3d8f_600_0_water 1.000 87.0 477.0 225.0 595.0
589918b2a3d8f_600_0_water 1.000 293.0 488.0 464.0 596.0
1119236245_14688207082361n 1.000 164.0 238.0 227.0 342.0
0022191067d710de283401 1.000 76.0 390.0 179.0 536.0
street_173 1.000 397.0 196.0 448.0 301.0
street_173 1.000 507.0 256.0 534.0 326.0
129182713_14695897307091n 1.000 122.0 290.0 179.0 373.0
129182713_14695897307091n 1.000 334.0 246.0 415.0 333.0
street_16 1.000 401.0 206.0 506.0 296.0
20493425Q-0 1.000 258.0 200.0 313.0 297.0
0022191067d710de283508 1.000 243.0 356.0 320.0 516.0
0022191067d710de283508 1.000 441.0 354.0 550.0 530.0
0022191067d710de283508 1.000 527.0 276.0 563.0 346.0
130052542 1.000 513.0 261.0 566.0 312.0
128199484_14415082471891n 1.000 108.0 417.0 282.0 575.0
0022191067d711df14de01 1.000 346.0 239.0 550.0 526.0
1432543942-0 1.000 305.0 230.0 458.0 340.0
26103935h8zm 1.000 400.0 277.0 469.0 407.0
144R4E13-1 1.000 114.0 224.0 233.0 355.0
144R4E13-1 1.000 386.0 316.0 505.0 519.0
002556badc23191e7e780f 1.000 400.0 114.0 499.0 272.0
002556badc23191e7e780f 1.000 330.0 212.0 413.0 326.0
002556badc23191e7e780f 1.000 3.0 320.0 136.0 551.0
002556badc23191e7e780f 1.000 143.0 334.0 235.0 555.0
street_99 1.000 156.0 273.0 245.0 336.0
13741580_980x1200_192 1.000 354.0 145.0 446.0 348.0
street_144 1.000 92.0 226.0 303.0 348.0
street_144 1.000 462.0 431.0 595.0 595.0
03092044q-0 1.000 186.0 260.0 336.0 361.0
1314931063_74598900 1.000 173.0 305.0 353.0 393.0
1314931063_74598900 1.000 432.0 249.0 471.0 310.0
1314931063_74598900 1.000 72.0 258.0 102.0 306.0
1314931063_74598900 1.000 93.0 284.0 137.0 316.0
1119236245_14688207092021n 1.000 360.0 207.0 427.0 283.0
street_15 1.000 308.0 272.0 517.0 384.0
street_15 1.000 250.0 289.0 321.0 372.0
123-1F11G43352357 1.000 71.0 230.0 161.0 347.0
123-1F11G43352357 1.000 411.0 252.0 463.0 320.0
002556badc23191e7e780a 1.000 0.0 120.0 84.0 223.0
0013729c03de143d7f8923 1.000 181.0 268.0 247.0 347.0
0022191067d711df14de63 1.000 371.0 249.0 487.0 342.0
73998ff0c305469d146d62f37f84afd5 1.000 491.0 219.0 585.0 312.0
1260353278 1.000 39.0 220.0 107.0 291.0
street_127 1.000 159.0 212.0 237.0 303.0
20424M355-0 1.000 184.0 212.0 233.0 283.0
51925658 1.000 289.0 400.0 366.0 568.0
8418-150H3112T9_bcfbd1_350_380 1.000 158.0 344.0 272.0 550.0
002556badc23191e7e7802 1.000 30.0 252.0 170.0 433.0
002556badc23191e7e7802 1.000 376.0 218.0 494.0 337.0
28039139 1.000 158.0 181.0 386.0 329.0
28039139 1.000 24.0 68.0 107.0 187.0
street_1 1.000 209.0 327.0 256.0 428.0
street_4 1.000 284.0 218.0 485.0 341.0
20140808-a26e745eb50af506_980x660 1.000 400.0 225.0 520.0 351.0
20140808-a26e745eb50af506_980x660 1.000 69.0 166.0 133.0 264.0
street_149 1.000 361.0 413.0 489.0 580.0
230S61F7-0 1.000 174.0 271.0 266.0 343.0
230S61F7-0 1.000 514.0 294.0 598.0 410.0
230S61F7-0 1.000 385.0 173.0 430.0 204.0
0022191067d711e88a2613 1.000 291.0 294.0 380.0 394.0
887EDABAEDC693BA86F6D5C045A885 1.000 158.0 401.0 286.0 542.0
0022191067d71377d6bd23 1.000 368.0 338.0 520.0 483.0
street_14 1.000 228.0 215.0 266.0 359.0
street_44 1.000 373.0 229.0 453.0 309.0
street_64 1.000 159.0 231.0 251.0 310.0
0022191067d711df14e02c 1.000 318.0 341.0 559.0 506.0
0022191067d711df14e02c 1.000 366.0 235.0 459.0 350.0
street_30 1.000 65.0 311.0 207.0 452.0
street_20 1.000 141.0 294.0 255.0 427.0
0799752bf2f9c6820aa78dadbf1ca517 1.000 311.0 325.0 396.0 476.0
0799752bf2f9c6820aa78dadbf1ca517 1.000 391.0 329.0 447.0 460.0
street_186 1.000 202.0 428.0 321.0 550.0
street_186 1.000 135.0 162.0 165.0 215.0
street_35 1.000 197.0 317.0 269.0 467.0
street_35 1.000 344.0 338.0 423.0 486.0
street_79 1.000 217.0 251.0 279.0 330.0
99053772 1.000 304.0 85.0 442.0 278.0
street_68 1.000 292.0 241.0 404.0 337.0
street_68 1.000 374.0 410.0 559.0 544.0
street_112 1.000 148.0 370.0 189.0 498.0
street_112 1.000 182.0 306.0 204.0 340.0
street_10 1.000 191.0 230.0 265.0 296.0
street_10 1.000 30.0 398.0 192.0 597.0
street_12 1.000 296.0 215.0 385.0 313.0
103326268 1.000 74.0 244.0 261.0 355.0
103326268 1.000 423.0 363.0 487.0 460.0
16245U949-0 1.000 47.0 267.0 135.0 351.0
06105931P-20 1.000 221.0 198.0 322.0 293.0
569474780cec4_600_0 1.000 232.0 361.0 357.0 475.0
street_2 1.000 117.0 358.0 261.0 498.0
123-1F11G434035D 1.000 360.0 255.0 403.0 359.0
4420f16944e4a8e2764f70e3efed5feb 1.000 182.0 137.0 273.0 294.0
704_667428_445342 1.000 140.0 337.0 329.0 443.0
street_150 1.000 13.0 324.0 132.0 494.0
street_150 1.000 295.0 378.0 392.0 543.0
street_76 1.000 130.0 243.0 279.0 344.0
448642 1.000 365.0 169.0 438.0 311.0
1445584240_2SlbJL 1.000 146.0 249.0 228.0 335.0
street_113 1.000 444.0 139.0 490.0 191.0
704_667434_394300 1.000 359.0 236.0 579.0 544.0
8878DDB4EDC29DB483FED5C24AA684 1.000 431.0 474.0 498.0 572.0
8878DDB4EDC29DB483FED5C24AA684 1.000 531.0 58.0 576.0 136.0
1043_P_1467586607534 1.000 331.0 233.0 511.0 434.0
002556badc23191e7e7810 1.000 105.0 316.0 255.0 423.0
002556badc23191e7e7810 1.000 76.0 412.0 315.0 598.0
street_29 1.000 3.0 408.0 79.0 600.0
street_29 1.000 365.0 230.0 414.0 410.0
street_170 1.000 130.0 385.0 291.0 535.0
0022191067d711df14de62 1.000 364.0 245.0 439.0 337.0
0013729e449a12eee4bc54 1.000 334.0 318.0 459.0 466.0
211100 1.000 17.0 357.0 142.0 527.0
40056_271174_884161 1.000 130.0 279.0 305.0 389.0
650258 1.000 169.0 216.0 282.0 327.0
43214_708011_927430 1.000 142.0 318.0 250.0 455.0
43214_708011_927430 1.000 325.0 313.0 396.0 438.0
43214_708011_927430 1.000 393.0 310.0 420.0 392.0
1459228038_LVjQRH 1.000 109.0 194.0 298.0 344.0
1459228038_LVjQRH 1.000 270.0 357.0 491.0 592.0
653ce5fc992b4171bfb994a04c0806dc 1.000 171.0 196.0 242.0 329.0
653ce5fc992b4171bfb994a04c0806dc 1.000 369.0 257.0 431.0 371.0
899bd2e7b953d3209780d309ea428bb1 1.000 308.0 245.0 381.0 355.0
20141024-9e4f0d6b8b28f696_550x1300 1.000 23.0 353.0 123.0 500.0
20141024-9e4f0d6b8b28f696_550x1300 1.000 332.0 182.0 400.0 276.0
street_24 1.000 98.0 344.0 294.0 464.0
street_189 1.000 222.0 250.0 321.0 374.0
street_189 1.000 398.0 324.0 435.0 437.0
street_98 1.000 143.0 259.0 212.0 318.0
street_98 1.000 391.0 252.0 429.0 303.0
1395714740_671727537 1.000 239.0 243.0 428.0 341.0
134P0C07-0 1.000 81.0 245.0 207.0 398.0
0022191067d711df14e02d 1.000 364.0 284.0 462.0 357.0
0022191067d711df14e02d 1.000 452.0 240.0 534.0 286.0
0022191067d711df14e02d 1.000 255.0 375.0 498.0 526.0
0022191067d711df14e02d 1.000 1.0 293.0 64.0 397.0
street_182 1.000 349.0 269.0 553.0 423.0
street_11 1.000 369.0 207.0 449.0 273.0
578ca3f21e117 1.000 223.0 350.0 288.0 486.0
62305_3670376_698676 1.000 172.0 245.0 238.0 336.0
62305_3670376_698676 1.000 424.0 296.0 533.0 359.0
62305_3670376_698676 1.000 153.0 146.0 230.0 220.0
8448-160612114618 1.000 414.0 234.0 485.0 364.0
street_33 1.000 384.0 296.0 497.0 423.0
0713mnmxzxyqxjpsjbzxz2 1.000 277.0 404.0 429.0 518.0
street_176 1.000 312.0 372.0 475.0 505.0
0022191067d711df14df15 1.000 405.0 242.0 504.0 339.0
street_187 1.000 3.0 321.0 93.0 468.0
street_187 1.000 238.0 315.0 286.0 457.0
8878DDBAEFC49DB380FED5CE48AB84 1.000 165.0 220.0 232.0 309.0
street_137 1.000 539.0 223.0 600.0 302.0
8878DDBAEFC49DB382F6D5CF45AD 1.000 467.0 292.0 520.0 396.0
street_21 1.000 180.0 381.0 331.0 466.0
street_168 1.000 448.0 495.0 537.0 599.0
street_168 1.000 3.0 410.0 60.0 511.0
street_7 1.000 512.0 146.0 583.0 212.0
street_7 1.000 1.0 94.0 35.0 155.0
street_74 1.000 275.0 159.0 349.0 262.0
224_150612163357_1 1.000 75.0 260.0 200.0 419.0
224_150612163357_1 1.000 372.0 285.0 427.0 413.0
street_72 1.000 337.0 213.0 403.0 293.0
street_72 1.000 554.0 273.0 600.0 334.0
00269e325eb81a0ce49907 1.000 127.0 224.0 170.0 281.0
1341751776 1.000 387.0 213.0 503.0 354.0
5429e4e3f87619cc4230579de758ca45 1.000 367.0 429.0 444.0 573.0
5429e4e3f87619cc4230579de758ca45 1.000 458.0 420.0 586.0 570.0
street_77 1.000 380.0 349.0 536.0 576.0
33487_5138338_359619 1.000 102.0 292.0 202.0 369.0
street_3 1.000 377.0 284.0 400.0 344.0
street_38 1.000 45.0 207.0 170.0 339.0
street_38 1.000 317.0 162.0 578.0 423.0
street_105 1.000 327.0 321.0 387.0 423.0
224_150802145417_1 1.000 153.0 294.0 357.0 437.0
street_151 1.000 182.0 361.0 227.0 423.0
street_183 1.000 384.0 284.0 427.0 379.0
210I25295-0 1.000 371.0 256.0 431.0 327.0
105908929 1.000 151.0 236.0 244.0 389.0
street_81 1.000 99.0 335.0 251.0 493.0
