street_94 1.000 181.0 90.0 464.0 236.0
13965527_141649838002_2 1.000 226.0 169.0 375.0 445.0
136917848 1.000 255.0 107.0 502.0 257.0
755351 1.000 2.0 43.0 97.0 172.0
755351 1.000 200.0 93.0 450.0 267.0
966bc31182518660ad76581a4c4e6c53 1.000 175.0 104.0 478.0 294.0
578ca3f35d8aa 1.000 117.0 82.0 225.0 307.0
578ca3f35d8aa 1.000 231.0 65.0 363.0 288.0
578ca3f35d8aa 1.000 376.0 71.0 524.0 307.0
857f62dab1bfda37160dd0f2b2b0449a 1.000 223.0 208.0 388.0 398.0
street_163 1.000 168.0 127.0 407.0 434.0
street_104 1.000 139.0 99.0 585.0 597.0
street_148 1.000 277.0 249.0 407.0 599.0
1226202192 1.000 67.0 138.0 280.0 442.0
1226202192 1.000 271.0 126.0 429.0 390.0
1226202192 1.000 414.0 130.0 542.0 282.0
1432629068_jKpITG 1.000 158.0 147.0 411.0 394.0
0022191067d711df14dd4e 1.000 86.0 98.0 443.0 358.0
704_1156115_868791 1.000 107.0 136.0 441.0 576.0
street_188 1.000 107.0 90.0 229.0 263.0
13965527_102133595001_2 1.000 219.0 225.0 401.0 387.0
92757ffb04b02ad8d431cc5cfdada54a 1.000 221.0 98.0 464.0 311.0
1341751756 1.000 1.0 106.0 249.0 321.0
1341751756 1.000 255.0 143.0 439.0 355.0
5693506cf21d2_600_0 1.000 197.0 148.0 405.0 346.0
1119472797_14724539666971n 1.000 223.0 103.0 444.0 298.0
69555599 1.000 238.0 157.0 404.0 358.0
street_96 1.000 22.0 148.0 279.0 455.0
street_96 1.000 378.0 42.0 547.0 269.0
street_96 1.000 365.0 329.0 556.0 571.0
00269e325eb81a0ce4990b 1.000 144.0 139.0 389.0 325.0
40056_271169_799333 1.000 20.0 116.0 254.0 367.0
40056_271169_799333 1.000 259.0 116.0 437.0 383.0
13965527_112009872001_2 1.000 214.0 224.0 409.0 387.0
street_117 1.000 7.0 88.0 195.0 394.0
street_117 1.000 202.0 91.0 401.0 332.0
street_117 1.000 406.0 87.0 599.0 282.0
street_159 1.000 184.0 106.0 467.0 377.0
street_65 1.000 166.0 147.0 445.0 399.0
8257-14102QG436-50 1.000 218.0 107.0 490.0 304.0
20035A956-0 1.000 40.0 107.0 195.0 243.0
20035A956-0 1.000 205.0 117.0 385.0 293.0
20035A956-0 1.000 418.0 106.0 597.0 322.0
974582c2-7d37-4cbd-ba35-3efac6c3fbb6 1.000 185.0 93.0 381.0 444.0
224_150712112752_1 1.000 113.0 179.0 467.0 434.0
street_34 1.000 15.0 159.0 120.0 284.0
69757d045e0ba61a4d016059537e0f71 1.000 174.0 155.0 480.0 435.0
street_32 1.000 181.0 161.0 417.0 339.0
street_95 1.000 137.0 119.0 367.0 370.0
11412S400-1 1.000 29.0 122.0 162.0 466.0
11412S400-1 1.000 396.0 11.0 538.0 298.0
11412S400-1 1.000 237.0 173.0 373.0 363.0
13122214o79a 1.000 204.0 151.0 372.0 265.0
13122214o79a 1.000 354.0 143.0 561.0 318.0
13122214o79a 1.000 25.0 180.0 133.0 272.0
street_89 1.000 231.0 160.0 398.0 315.0
street_80 1.000 83.0 323.0 598.0 597.0
97143198 1.000 3.0 82.0 199.0 322.0
97143198 1.000 204.0 86.0 399.0 385.0
97143198 1.000 404.0 88.0 599.0 321.0
street_53 1.000 3.0 90.0 202.0 326.0
street_53 1.000 404.0 97.0 597.0 304.0
street_53 1.000 205.0 97.0 399.0 458.0
street_119 1.000 247.0 104.0 387.0 346.0
street_160 1.000 193.0 168.0 367.0 352.0
1120730681_14909260768841n 1.000 4.0 290.0 596.0 592.0
704_556435_760364 1.000 124.0 49.0 254.0 184.0
704_556435_760364 1.000 469.0 58.0 591.0 189.0
704_556435_760364 1.000 313.0 357.0 440.0 485.0
704_556435_760364 1.000 166.0 445.0 272.0 515.0
704_556435_760364 1.000 23.0 132.0 114.0 214.0
704_556435_760364 1.000 301.0 121.0 397.0 191.0
0022191067d71377d6bd2c 1.000 191.0 98.0 428.0 274.0
4542b9e12aa042c25600873812cd7e2d 1.000 113.0 121.0 441.0 579.0
street_103 1.000 4.0 89.0 199.0 289.0
street_103 1.000 205.0 92.0 397.0 306.0
street_103 1.000 400.0 93.0 600.0 310.0
60201_1335294_660407 1.000 255.0 250.0 327.0 337.0
60201_1335294_660407 1.000 330.0 225.0 358.0 262.0
60201_1335294_660407 1.000 363.0 223.0 392.0 278.0
60201_1335294_660407 1.000 524.0 236.0 600.0 380.0
street_97 1.000 217.0 261.0 349.0 388.0
0022191067d711df14e020 1.000 168.0 94.0 435.0 246.0
887FDDBFEAC69AB080F4D5CE4DAD88 1.000 212.0 95.0 407.0 282.0
140-150FQ44107-50 1.000 223.0 129.0 432.0 365.0
59024_1154411_482576 1.000 8.0 148.0 202.0 429.0
59024_1154411_482576 1.000 237.0 140.0 427.0 427.0
59024_1154411_482576 1.000 451.0 132.0 593.0 401.0
0013729c03de143d7f891c 1.000 179.0 124.0 398.0 394.0
8388-150512110257 1.000 219.0 113.0 331.0 315.0
99053768 1.000 169.0 100.0 419.0 464.0
street_138 1.000 267.0 153.0 447.0 368.0
street_55 1.000 165.0 122.0 488.0 283.0
128441872_14478166149301n 1.000 120.0 116.0 502.0 599.0
161I3A91-0 1.000 76.0 136.0 198.0 358.0
161I3A91-0 1.000 24.0 137.0 90.0 308.0
161I3A91-0 1.000 328.0 3.0 488.0 174.0
161I3A91-0 1.000 343.0 125.0 536.0 368.0
703_588663_182310 1.000 2.0 54.0 198.0 278.0
703_588663_182310 1.000 227.0 138.0 438.0 293.0
street_146 1.000 226.0 132.0 404.0 257.0
56935071a4822_600_0 1.000 122.0 151.0 297.0 315.0
56935071a4822_600_0 1.000 306.0 155.0 480.0 279.0
1440x900_57aea5d22c58cf8 1.000 68.0 179.0 252.0 596.0
936661 1.000 207.0 117.0 417.0 306.0
643549 1.000 222.0 168.0 422.0 336.0
street_180 1.000 125.0 117.0 351.0 345.0
street_180 1.000 2.0 67.0 133.0 406.0
0022191067d711df14de5b 1.000 175.0 103.0 436.0 363.0
street_31 1.000 72.0 148.0 309.0 356.0
street_31 1.000 381.0 140.0 576.0 295.0
street_92 1.000 89.0 163.0 300.0 350.0
street_92 1.000 313.0 117.0 532.0 324.0
street_58 1.000 80.0 50.0 532.0 596.0
1309169087 1.000 64.0 67.0 193.0 182.0
1309169087 1.000 293.0 79.0 417.0 186.0
1309169087 1.000 459.0 54.0 574.0 140.0
1309169087 1.000 322.0 324.0 591.0 597.0
1309169087 1.000 27.0 455.0 121.0 559.0
1309169087 1.000 134.0 474.0 277.0 568.0
0715 1.000 165.0 179.0 407.0 502.0
109_23491_811_03 1.000 139.0 91.0 476.0 285.0
589918b328aeb_600_0_water 1.000 166.0 94.0 481.0 426.0
62731412_1507781861293 1.000 166.0 109.0 382.0 273.0
street_134 1.000 217.0 115.0 466.0 291.0
0237a628eb86b5d3762065e0f3c20b2d45 1.000 137.0 142.0 428.0 596.0
street_48 1.000 69.0 49.0 208.0 175.0
street_48 1.000 339.0 76.0 567.0 268.0
street_48 1.000 96.0 336.0 223.0 443.0
street_48 1.000 398.0 332.0 538.0 468.0
street_47 1.000 3.0 178.0 195.0 356.0
street_47 1.000 199.0 87.0 430.0 310.0
140327jiepai01 1.000 210.0 136.0 439.0 305.0
101140 1.000 179.0 102.0 396.0 372.0
1315734351 1.000 194.0 102.0 418.0 365.0
street_88 1.000 187.0 68.0 344.0 282.0
32565_3276766_261881 1.000 260.0 91.0 526.0 405.0
32565_3276766_261881 1.000 125.0 118.0 277.0 232.0
99053773 1.000 166.0 107.0 461.0 406.0
street_154 1.000 216.0 110.0 384.0 255.0
625721 1.000 2.0 90.0 183.0 293.0
625721 1.000 201.0 90.0 394.0 306.0
625721 1.000 403.0 98.0 595.0 280.0
2100314Y4-0 1.000 24.0 162.0 246.0 597.0
2100314Y4-0 1.000 352.0 168.0 568.0 596.0
224_130710115250_1 1.000 124.0 142.0 341.0 304.0
224_130710115250_1 1.000 306.0 94.0 513.0 329.0
street_126 1.000 177.0 249.0 253.0 559.0
street_126 1.000 258.0 283.0 336.0 421.0
002556badc23191e7e7803 1.000 171.0 116.0 415.0 367.0
1440x900_65a11ad1338a359 1.000 199.0 226.0 442.0 598.0
street_85 1.000 216.0 84.0 353.0 217.0
224_150719221527_6 1.000 184.0 91.0 433.0 587.0
1440x900_f7dd69d1809fee7 1.000 260.0 184.0 413.0 517.0
1285199237 1.000 114.0 70.0 254.0 213.0
1285199237 1.000 375.0 79.0 544.0 216.0
1285199237 1.000 87.0 367.0 210.0 503.0
1285199237 1.000 347.0 351.0 552.0 525.0
58958a7f98423_450_0 1.000 18.0 177.0 190.0 561.0
58958a7f98423_450_0 1.000 205.0 164.0 346.0 539.0
0022191067d713a1f22d28 1.000 150.0 167.0 486.0 498.0
194546 1.000 193.0 96.0 430.0 220.0
589918b3b78ff_600_0_water 1.000 132.0 122.0 338.0 404.0
street_84 1.000 30.0 248.0 468.0 600.0
street_13 1.000 104.0 129.0 406.0 566.0
388473_111 1.000 176.0 129.0 381.0 288.0
388473_111 1.000 42.0 197.0 95.0 252.0
street_147 1.000 185.0 118.0 366.0 310.0
12716658 1.000 150.0 390.0 530.0 599.0
150109_s02b 1.000 94.0 124.0 170.0 260.0
150109_s02b 1.000 180.0 120.0 270.0 289.0
150109_s02b 1.000 275.0 164.0 370.0 319.0
150109_s02b 1.000 385.0 114.0 504.0 322.0
10316 1.000 201.0 89.0 396.0 277.0
10316 1.000 3.0 103.0 177.0 192.0
10316 1.000 478.0 114.0 597.0 246.0
street_43 1.000 30.0 116.0 116.0 334.0
street_43 1.000 102.0 91.0 312.0 383.0
street_43 1.000 300.0 134.0 419.0 373.0
street_43 1.000 430.0 156.0 560.0 347.0
5268294e779ca0b6fdba7f48fd2c900f 1.000 77.0 75.0 210.0 316.0
5268294e779ca0b6fdba7f48fd2c900f 1.000 372.0 100.0 498.0 301.0
887EDBBDE8C498B187F2D5CF4CA983 1.000 1.0 107.0 118.0 323.0
887EDBBDE8C498B187F2D5CF4CA983 1.000 124.0 129.0 237.0 295.0
887EDBBDE8C498B187F2D5CF4CA983 1.000 239.0 115.0 361.0 292.0
887EDBBDE8C498B187F2D5CF4CA983 1.000 366.0 22.0 476.0 317.0
887EDBBDE8C498B187F2D5CF4CA983 1.000 486.0 98.0 598.0 296.0
698073 1.000 167.0 91.0 454.0 324.0
street_36 1.000 203.0 142.0 399.0 345.0
347f0a1afa3d5c05d02bc6a2f706d148 1.000 161.0 127.0 357.0 390.0
201J43593-0 1.000 69.0 101.0 216.0 395.0
201J43593-0 1.000 363.0 105.0 529.0 391.0
148_23365_728_01 1.000 64.0 103.0 459.0 345.0
0807mnmxgxjpazgqbz5 1.000 111.0 117.0 569.0 275.0
0022191067d7114a2d2c3c 1.000 61.0 88.0 240.0 356.0
0022191067d7114a2d2c3c 1.000 406.0 38.0 587.0 278.0
street_140 1.000 183.0 96.0 465.0 312.0
799108114 1.000 88.0 122.0 202.0 312.0
799108114 1.000 43.0 108.0 109.0 215.0
799108114 1.000 206.0 133.0 288.0 345.0
799108114 1.000 411.0 167.0 501.0 294.0
384a2609d5659206d16c19d501cf4af3 1.000 171.0 98.0 408.0 283.0
street_50 1.000 204.0 95.0 399.0 209.0
9111969ee4dffea8c408102cffcadddd 1.000 102.0 75.0 347.0 264.0
street_40 1.000 4.0 215.0 600.0 599.0
street_69 1.000 61.0 109.0 268.0 599.0
street_69 1.000 314.0 108.0 576.0 505.0
1119236245_14688207093731n 1.000 153.0 92.0 362.0 289.0
street_136 1.000 192.0 465.0 583.0 595.0
224_130524165940_2 1.000 196.0 130.0 397.0 354.0
82997328 1.000 120.0 87.0 483.0 317.0
street_157 1.000 186.0 130.0 404.0 323.0
street_157 1.000 4.0 110.0 52.0 298.0
140-160P41G056 1.000 247.0 98.0 343.0 325.0
street_61 1.000 89.0 92.0 263.0 461.0
street_61 1.000 356.0 93.0 543.0 491.0
1121987802_15112325843661n 1.000 176.0 141.0 508.0 431.0
street_54 1.000 144.0 94.0 429.0 419.0
street_145 1.000 42.0 179.0 561.0 504.0
140-150FQ44108-50 1.000 206.0 143.0 389.0 373.0
street_184 1.000 193.0 137.0 380.0 363.0
street_63 1.000 231.0 100.0 378.0 270.0
704_755551_214697 1.000 85.0 138.0 210.0 370.0
704_755551_214697 1.000 377.0 188.0 573.0 496.0
street_73 1.000 177.0 116.0 396.0 306.0
street_73 1.000 1.0 154.0 159.0 352.0
street_73 1.000 452.0 148.0 598.0 374.0
street_172 1.000 201.0 275.0 490.0 594.0
street_172 1.000 43.0 236.0 192.0 591.0
street_46 1.000 233.0 150.0 410.0 288.0
1440x900_ec220dd029cdd2f 1.000 204.0 191.0 369.0 598.0
0612mnmxyzsqzjpgqsjbz8 1.000 259.0 144.0 411.0 415.0
19340-589588059c2f6_600_0_water 1.000 86.0 279.0 152.0 448.0
19340-589588059c2f6_600_0_water 1.000 168.0 269.0 231.0 441.0
19340-589588059c2f6_600_0_water 1.000 244.0 283.0 313.0 465.0
19340-589588059c2f6_600_0_water 1.000 321.0 262.0 414.0 411.0
19340-589588059c2f6_600_0_water 1.000 421.0 266.0 498.0 387.0
1440x900_7d448ed1d707271 1.000 203.0 330.0 432.0 600.0
42439_678492_316421 1.000 192.0 118.0 433.0 412.0
street_177 1.000 211.0 185.0 388.0 269.0
13965527_141649838001_2 1.000 239.0 213.0 374.0 352.0
128493990_14491035930591n 1.000 190.0 140.0 425.0 410.0
street_156 1.000 212.0 132.0 430.0 407.0
0022191067d71377d6bd20 1.000 148.0 114.0 444.0 297.0
street_25 1.000 51.0 56.0 128.0 438.0
street_25 1.000 127.0 45.0 221.0 257.0
0022191067d712a38e1002 1.000 138.0 111.0 434.0 307.0
91061571daa874fae03d5b056155a79d 1.000 191.0 108.0 446.0 524.0
street_9 1.000 182.0 180.0 410.0 396.0
8382-1505291KS2501 1.000 74.0 153.0 222.0 434.0
8382-1505291KS2501 1.000 216.0 181.0 380.0 474.0
8382-1505291KS2501 1.000 376.0 131.0 559.0 389.0
152J36409-0 1.000 85.0 181.0 493.0 597.0
36863334 1.000 16.0 97.0 179.0 337.0
36863334 1.000 229.0 89.0 349.0 304.0
36863334 1.000 428.0 95.0 556.0 421.0
street_26 1.000 177.0 162.0 414.0 576.0
street_26 1.000 467.0 108.0 600.0 583.0
street_26 1.000 1.0 214.0 128.0 576.0
street_130 1.000 160.0 131.0 365.0 255.0
street_125 1.000 197.0 119.0 383.0 333.0
6799a2f3gw1dug2mub63bj 1.000 170.0 93.0 442.0 313.0
961861887 1.000 239.0 114.0 417.0 281.0
1047572344 1.000 289.0 107.0 396.0 450.0
1047572344 1.000 247.0 111.0 300.0 330.0
street_60 1.000 213.0 214.0 413.0 382.0
street_60 1.000 73.0 239.0 192.0 351.0
704_1246449_360765 1.000 242.0 220.0 572.0 591.0
street_42 1.000 39.0 205.0 488.0 597.0
street_118 1.000 140.0 166.0 410.0 600.0
224_150529083056_1 1.000 118.0 138.0 518.0 363.0
1119610602_14745935525351n 1.000 45.0 122.0 485.0 495.0
street_129 1.000 185.0 143.0 414.0 465.0
0022191067d711df14de00 1.000 152.0 119.0 418.0 481.0
0022191067d712a38e103b 1.000 3.0 84.0 196.0 276.0
0022191067d712a38e103b 1.000 202.0 90.0 396.0 295.0
0022191067d712a38e103b 1.000 408.0 94.0 599.0 309.0
11412R115-0 1.000 39.0 111.0 166.0 390.0
11412R115-0 1.000 276.0 36.0 418.0 258.0
11412R115-0 1.000 460.0 20.0 579.0 265.0
8388-1505250T126 1.000 87.0 143.0 355.0 350.0
1303698503 1.000 205.0 101.0 364.0 270.0
00269e325eb81a0ce49901 1.000 142.0 104.0 480.0 470.0
00269e325eb81a0ce49901 1.000 461.0 114.0 600.0 386.0
street_185 1.000 213.0 145.0 361.0 343.0
street_185 1.000 94.0 172.0 178.0 251.0
1121718659_15063058772661n 1.000 71.0 173.0 526.0 558.0
6538f664-0c3a-4745-9b6b-eec42a251cc2 1.000 190.0 109.0 433.0 363.0
street_51 1.000 114.0 97.0 440.0 498.0
819464 1.000 1.0 88.0 197.0 313.0
819464 1.000 207.0 93.0 397.0 335.0
819464 1.000 406.0 90.0 592.0 356.0
36864445 1.000 56.0 104.0 165.0 314.0
36864445 1.000 238.0 90.0 399.0 305.0
36864445 1.000 442.0 99.0 567.0 284.0
street_23 1.000 172.0 100.0 396.0 381.0
154RIR2-4 1.000 204.0 129.0 402.0 261.0
154RIR2-4 1.000 467.0 152.0 598.0 329.0
street_167 1.000 260.0 151.0 369.0 329.0
589918b2a3d8f_600_0_water 1.000 218.0 147.0 586.0 599.0
589918b2a3d8f_600_0_water 1.000 79.0 157.0 193.0 486.0
589918b2a3d8f_600_0_water 1.000 21.0 111.0 80.0 473.0
1119236245_14688207082361n 1.000 182.0 110.0 415.0 267.0
0022191067d710de283401 1.000 134.0 124.0 405.0 365.0
street_173 1.000 167.0 103.0 339.0 395.0
street_173 1.000 37.0 137.0 172.0 293.0
street_173 1.000 370.0 166.0 431.0 312.0
street_173 1.000 11.0 188.0 64.0 353.0
street_173 1.000 519.0 186.0 582.0 310.0
street_132 1.000 191.0 170.0 404.0 335.0
8382-15031G53945 1.000 153.0 115.0 443.0 314.0
8382-15031G53945 1.000 5.0 228.0 131.0 316.0
99053783 1.000 113.0 87.0 506.0 446.0
129182713_14695897307091n 1.000 193.0 116.0 408.0 285.0
street_16 1.000 20.0 119.0 189.0 290.0
street_16 1.000 200.0 87.0 401.0 259.0
street_16 1.000 422.0 89.0 597.0 234.0
12307479_729614 1.000 123.0 80.0 364.0 308.0
193_20977_125_03 1.000 117.0 86.0 275.0 476.0
193_20977_125_03 1.000 335.0 176.0 554.0 524.0
0022191067d711df14dd4d 1.000 1.0 92.0 140.0 432.0
0022191067d711df14dd4d 1.000 148.0 95.0 298.0 260.0
0022191067d711df14dd4d 1.000 306.0 110.0 443.0 433.0
0022191067d711df14dd4d 1.000 454.0 102.0 598.0 282.0
150326-563-1-z6ivH 1.000 98.0 98.0 185.0 290.0
150326-563-1-z6ivH 1.000 181.0 107.0 258.0 294.0
150326-563-1-z6ivH 1.000 255.0 138.0 342.0 403.0
150326-563-1-z6ivH 1.000 332.0 76.0 432.0 407.0
150326-563-1-z6ivH 1.000 425.0 59.0 535.0 372.0
20493425Q-0 1.000 100.0 160.0 247.0 332.0
20493425Q-0 1.000 286.0 147.0 428.0 308.0
0022191067d710de283508 1.000 79.0 162.0 286.0 342.0
0022191067d710de283508 1.000 282.0 175.0 509.0 347.0
130052542 1.000 255.0 130.0 425.0 291.0
130052542 1.000 420.0 159.0 535.0 263.0
8257-14102QG436 1.000 141.0 167.0 380.0 347.0
56337205-b00b-42aa-b341-9c64da16ea1d 1.000 104.0 198.0 475.0 496.0
128199484_14415082471891n 1.000 158.0 160.0 462.0 355.0
131231_s07g 1.000 133.0 146.0 347.0 355.0
0022191067d711df14de01 1.000 135.0 145.0 382.0 596.0
1432543942-0 1.000 182.0 137.0 392.0 270.0
street_106 1.000 230.0 144.0 428.0 303.0
3401_2820105_971831 1.000 176.0 106.0 469.0 430.0
3401_2820105_971831 1.000 444.0 149.0 599.0 371.0
3401_2820105_971831 1.000 8.0 143.0 133.0 371.0
street_135 1.000 164.0 104.0 436.0 432.0
26103935h8zm 1.000 95.0 76.0 471.0 394.0
144R4E13-1 1.000 186.0 102.0 439.0 299.0
002556badc23191e7e780f 1.000 239.0 160.0 342.0 292.0
002556badc23191e7e780f 1.000 101.0 172.0 240.0 288.0
002556badc23191e7e780f 1.000 333.0 127.0 416.0 230.0
0701 1.000 276.0 157.0 467.0 468.0
street_6 1.000 89.0 177.0 506.0 534.0
street_99 1.000 191.0 157.0 378.0 328.0
13741580_980x1200_192 1.000 165.0 136.0 462.0 340.0
street_144 1.000 192.0 93.0 417.0 226.0
street_144 1.000 495.0 61.0 593.0 251.0
03092044q-0 1.000 125.0 87.0 521.0 472.0
0013729c03de143d7f891b 1.000 108.0 81.0 483.0 312.0
street_22 1.000 77.0 28.0 194.0 160.0
street_22 1.000 384.0 54.0 504.0 168.0
street_22 1.000 387.0 316.0 530.0 455.0
street_22 1.000 90.0 339.0 214.0 534.0
street_86 1.000 209.0 129.0 454.0 598.0
1314931063_74598900 1.000 230.0 125.0 415.0 232.0
1314931063_74598900 1.000 468.0 248.0 520.0 301.0
150109_s01a 1.000 116.0 356.0 467.0 598.0
704_1732620_135265 1.000 306.0 165.0 464.0 444.0
59024_1193181_200703 1.000 4.0 200.0 198.0 598.0
59024_1193181_200703 1.000 205.0 192.0 403.0 485.0
59024_1193181_200703 1.000 410.0 188.0 599.0 596.0
1240e7e6-5154-40fc-91db-60ba3035f7d1 1.000 227.0 101.0 459.0 315.0
1240e7e6-5154-40fc-91db-60ba3035f7d1 1.000 366.0 107.0 474.0 165.0
1119236245_14688207092021n 1.000 223.0 109.0 416.0 255.0
street_139 1.000 206.0 134.0 418.0 374.0
street_67 1.000 17.0 217.0 592.0 595.0
street_15 1.000 202.0 118.0 460.0 372.0
599d186e8506cc9c9c5dc479b6a73b55 1.000 232.0 123.0 440.0 370.0
129182713_14695897414631n 1.000 213.0 145.0 379.0 293.0
123-1F11G43352357 1.000 62.0 97.0 206.0 451.0
123-1F11G43352357 1.000 377.0 80.0 542.0 397.0
123-1F11G43352357 1.000 309.0 198.0 385.0 313.0
15391921F-0 1.000 203.0 198.0 395.0 462.0
002556badc23191e7e780a 1.000 179.0 123.0 395.0 272.0
002556badc23191e7e780a 1.000 67.0 91.0 179.0 211.0
0013729c03de143d7f8923 1.000 162.0 113.0 412.0 320.0
1440x900_b4f9a4007158bbe 1.000 340.0 141.0 582.0 538.0
0022191067d711df14de63 1.000 182.0 105.0 475.0 243.0
street_178 1.000 161.0 85.0 428.0 286.0
130051105 1.000 123.0 191.0 532.0 530.0
73998ff0c305469d146d62f37f84afd5 1.000 7.0 106.0 145.0 307.0
73998ff0c305469d146d62f37f84afd5 1.000 152.0 80.0 301.0 263.0
73998ff0c305469d146d62f37f84afd5 1.000 303.0 131.0 442.0 302.0
73998ff0c305469d146d62f37f84afd5 1.000 452.0 108.0 599.0 284.0
704fd2c5f2d625b6f34d0785e6c14591 1.000 104.0 165.0 592.0 590.0
1260353278 1.000 88.0 53.0 219.0 185.0
1260353278 1.000 367.0 77.0 518.0 234.0
1260353278 1.000 59.0 394.0 262.0 528.0
1260353278 1.000 383.0 386.0 501.0 524.0
street_127 1.000 188.0 123.0 357.0 320.0
20424M355-0 1.000 191.0 126.0 494.0 461.0
20424M355-0 1.000 70.0 125.0 200.0 246.0
20424M355-0 1.000 395.0 87.0 538.0 278.0
51925658 1.000 21.0 160.0 259.0 415.0
51925658 1.000 320.0 201.0 525.0 461.0
street_62 1.000 75.0 69.0 220.0 308.0
street_62 1.000 361.0 110.0 486.0 348.0
1352263303_2 1.000 75.0 105.0 491.0 549.0
street_107 1.000 181.0 73.0 418.0 302.0
961cad9f-e3b9-45ef-9b90-f137f466d201 1.000 2.0 101.0 199.0 313.0
961cad9f-e3b9-45ef-9b90-f137f466d201 1.000 201.0 96.0 397.0 319.0
961cad9f-e3b9-45ef-9b90-f137f466d201 1.000 400.0 88.0 600.0 323.0
224_160623182556_1 1.000 135.0 124.0 365.0 416.0
224_160623182556_1 1.000 442.0 114.0 598.0 466.0
224_160623182556_1 1.000 4.0 119.0 156.0 359.0
8418-150H3112T9_bcfbd1_350_380 1.000 194.0 63.0 412.0 332.0
8418-150H3112T9_bcfbd1_350_380 1.000 550.0 131.0 600.0 221.0
street_158 1.000 117.0 153.0 449.0 600.0
38088eb1e467c87a46f 1.000 203.0 118.0 367.0 331.0
97143158 1.000 197.0 117.0 444.0 348.0
97143158 1.000 101.0 178.0 226.0 325.0
97143158 1.000 545.0 163.0 598.0 223.0
002556badc23191e7e7802 1.000 124.0 133.0 380.0 343.0
002556badc23191e7e7802 1.000 392.0 154.0 550.0 329.0
28039139 1.000 209.0 113.0 464.0 268.0
28039139 1.000 82.0 15.0 233.0 267.0
09255920Q-0 1.000 152.0 107.0 455.0 266.0
street_101 1.000 203.0 116.0 403.0 370.0
street_100 1.000 126.0 113.0 448.0 342.0
street_100 1.000 0.0 129.0 150.0 244.0
street_1 1.000 24.0 84.0 156.0 324.0
street_1 1.000 227.0 150.0 403.0 494.0
street_1 1.000 451.0 83.0 566.0 199.0
567a8ad3bea5c 1.000 149.0 117.0 503.0 273.0
567a8ad3bea5c 1.000 451.0 16.0 581.0 156.0
street_4 1.000 149.0 102.0 377.0 277.0
street_4 1.000 84.0 43.0 210.0 277.0
140-160606153S2 1.000 187.0 361.0 481.0 600.0
724d0ffddfc39d21b052509d1cdc53e0 1.000 189.0 162.0 417.0 406.0
74485_1346492_377703 1.000 154.0 130.0 425.0 352.0
20140808-a26e745eb50af506_980x660 1.000 239.0 105.0 422.0 277.0
20140808-a26e745eb50af506_980x660 1.000 109.0 115.0 263.0 259.0
704_1813318_311038 1.000 60.0 70.0 441.0 261.0
street_149 1.000 193.0 193.0 425.0 393.0
street_59 1.000 197.0 115.0 419.0 440.0
230S61F7-0 1.000 192.0 130.0 380.0 322.0
230S61F7-0 1.000 389.0 156.0 451.0 203.0
230S61F7-0 1.000 130.0 155.0 187.0 203.0
0022191067d711e88a2613 1.000 7.0 117.0 140.0 323.0
0022191067d711e88a2613 1.000 163.0 107.0 287.0 369.0
0022191067d711e88a2613 1.000 326.0 89.0 444.0 298.0
0022191067d711e88a2613 1.000 462.0 111.0 592.0 325.0
15703342_980x1200_0 1.000 268.0 100.0 445.0 275.0
887EDABAEDC693BA86F6D5C045A885 1.000 199.0 103.0 416.0 303.0
0022191067d71377d6bd23 1.000 205.0 102.0 451.0 268.0
8382-1505291KR3321 1.000 211.0 64.0 323.0 428.0
589918b194ca3_600_0_water 1.000 50.0 150.0 297.0 599.0
589918b194ca3_600_0_water 1.000 375.0 211.0 587.0 598.0
002564bb3a250d5f34680d 1.000 150.0 99.0 437.0 318.0
street_14 1.000 6.0 96.0 266.0 398.0
street_14 1.000 374.0 97.0 581.0 287.0
street_44 1.000 201.0 101.0 416.0 258.0
street_64 1.000 211.0 120.0 433.0 374.0
0022191067d711df14e02c 1.000 175.0 105.0 461.0 324.0
street_30 1.000 162.0 70.0 386.0 363.0
310(1) 1.000 85.0 168.0 285.0 358.0
310(1) 1.000 296.0 172.0 497.0 319.0
street_20 1.000 206.0 158.0 389.0 494.0
0799752bf2f9c6820aa78dadbf1ca517 1.000 5.0 94.0 183.0 420.0
0799752bf2f9c6820aa78dadbf1ca517 1.000 213.0 73.0 400.0 324.0
0799752bf2f9c6820aa78dadbf1ca517 1.000 418.0 92.0 598.0 455.0
371dfcd4dd8390e32e7e236f248c9050 1.000 80.0 168.0 386.0 481.0
street_186 1.000 154.0 113.0 497.0 346.0
street_186 1.000 77.0 152.0 141.0 219.0
street_186 1.000 6.0 170.0 59.0 234.0
street_35 1.000 29.0 99.0 259.0 396.0
street_35 1.000 348.0 87.0 560.0 356.0
street_79 1.000 214.0 135.0 474.0 356.0
99053772 1.000 177.0 72.0 367.0 369.0
street_68 1.000 164.0 151.0 359.0 319.0
street_112 1.000 71.0 153.0 172.0 345.0
street_112 1.000 340.0 192.0 435.0 336.0
street_112 1.000 440.0 188.0 553.0 342.0
street_112 1.000 202.0 248.0 243.0 363.0
street_141 1.000 65.0 114.0 507.0 376.0
11284670_171044053000_2 1.000 269.0 162.0 476.0 535.0
45368eb71a2299a 1.000 38.0 495.0 277.0 598.0
45368eb71a2299a 1.000 345.0 459.0 551.0 597.0
45368eb71a2299a 1.000 376.0 96.0 534.0 223.0
45368eb71a2299a 1.000 23.0 91.0 265.0 228.0
704_1967456_908038 1.000 208.0 202.0 488.0 469.0
15975365 1.000 52.0 83.0 274.0 281.0
15975365 1.000 325.0 94.0 555.0 287.0
street_10 1.000 162.0 104.0 453.0 446.0
street_12 1.000 126.0 149.0 362.0 332.0
103326268 1.000 176.0 116.0 421.0 283.0
103326268 1.000 367.0 337.0 439.0 464.0
16245U949-0 1.000 105.0 108.0 272.0 238.0
1442217308_fLuGYH 1.000 64.0 183.0 420.0 545.0
06105931P-20 1.000 204.0 100.0 451.0 453.0
569474780cec4_600_0 1.000 185.0 170.0 449.0 519.0
152J41A4-0 1.000 139.0 110.0 355.0 212.0
152J41A4-0 1.000 468.0 91.0 596.0 292.0
street_2 1.000 172.0 67.0 419.0 372.0
100016392_00000000f9837462 1.000 4.0 95.0 202.0 383.0
100016392_00000000f9837462 1.000 207.0 97.0 451.0 385.0
100016392_00000000f9837462 1.000 429.0 103.0 594.0 416.0
123-1F11G434035D 1.000 57.0 101.0 237.0 396.0
123-1F11G434035D 1.000 366.0 85.0 519.0 424.0
4420f16944e4a8e2764f70e3efed5feb 1.000 66.0 75.0 227.0 286.0
4420f16944e4a8e2764f70e3efed5feb 1.000 388.0 34.0 514.0 139.0
4420f16944e4a8e2764f70e3efed5feb 1.000 389.0 338.0 539.0 465.0
4420f16944e4a8e2764f70e3efed5feb 1.000 79.0 355.0 228.0 453.0
704_667428_445342 1.000 24.0 92.0 405.0 544.0
street_150 1.000 42.0 140.0 191.0 386.0
street_150 1.000 211.0 120.0 386.0 448.0
street_150 1.000 416.0 141.0 589.0 599.0
163933 1.000 175.0 86.0 450.0 306.0
street_76 1.000 219.0 121.0 556.0 336.0
448642 1.000 69.0 103.0 230.0 313.0
448642 1.000 406.0 82.0 540.0 290.0
002556badc23191e7e7801 1.000 26.0 101.0 216.0 258.0
002556badc23191e7e7801 1.000 225.0 121.0 434.0 397.0
3401_3073726_148210 1.000 246.0 185.0 412.0 384.0
1445584240_2SlbJL 1.000 170.0 118.0 420.0 429.0
street_113 1.000 180.0 102.0 426.0 299.0
street_113 1.000 484.0 103.0 572.0 176.0
street_113 1.000 93.0 93.0 194.0 159.0
120945782 1.000 140.0 99.0 376.0 313.0
704_667434_394300 1.000 68.0 221.0 441.0 593.0
street_8 1.000 189.0 125.0 412.0 316.0
704_1856734_253825 1.000 103.0 194.0 469.0 599.0
128616039_14524857694391n 1.000 100.0 139.0 215.0 310.0
128616039_14524857694391n 1.000 218.0 160.0 295.0 265.0
128616039_14524857694391n 1.000 387.0 104.0 563.0 270.0
164F112E-0 1.000 171.0 137.0 467.0 417.0
704_1813316_674561 1.000 188.0 100.0 435.0 279.0
02511251e8106c6e1bbccecaae4142aa49-0480x9999-1 1.000 191.0 147.0 398.0 335.0
8878DDB4EDC29DB483FED5C24AA684 1.000 46.0 41.0 142.0 194.0
8878DDB4EDC29DB483FED5C24AA684 1.000 245.0 52.0 360.0 147.0
8878DDB4EDC29DB483FED5C24AA684 1.000 456.0 48.0 535.0 154.0
8878DDB4EDC29DB483FED5C24AA684 1.000 445.0 338.0 561.0 469.0
8878DDB4EDC29DB483FED5C24AA684 1.000 245.0 361.0 350.0 471.0
8878DDB4EDC29DB483FED5C24AA684 1.000 44.0 337.0 170.0 502.0
2051153R4-51 1.000 176.0 126.0 421.0 391.0
1043_P_1467586607534 1.000 185.0 12.0 476.0 462.0
002556badc23191e7e7810 1.000 176.0 110.0 432.0 300.0
street_29 1.000 21.0 58.0 235.0 400.0
street_29 1.000 398.0 56.0 548.0 438.0
1121745148_15066633459211n 1.000 247.0 172.0 397.0 319.0
street_170 1.000 184.0 97.0 467.0 413.0
0022191067d711df14de62 1.000 207.0 103.0 444.0 235.0
0013729e449a12eee4bc54 1.000 198.0 99.0 420.0 262.0
211100 1.000 91.0 137.0 296.0 319.0
211100 1.000 325.0 107.0 538.0 274.0
street_0 1.000 157.0 98.0 444.0 320.0
40056_271174_884161 1.000 102.0 200.0 415.0 409.0
1532303L6-1 1.000 228.0 150.0 407.0 363.0
650258 1.000 204.0 147.0 394.0 305.0
43214_708011_927430 1.000 19.0 143.0 214.0 319.0
43214_708011_927430 1.000 240.0 130.0 359.0 308.0
43214_708011_927430 1.000 421.0 101.0 584.0 260.0
152UHC2-0 1.000 93.0 158.0 397.0 290.0
152UHC2-0 1.000 30.0 110.0 150.0 291.0
1459228038_LVjQRH 1.000 156.0 99.0 358.0 258.0
68406012 1.000 225.0 127.0 437.0 332.0
653ce5fc992b4171bfb994a04c0806dc 1.000 92.0 151.0 193.0 337.0
653ce5fc992b4171bfb994a04c0806dc 1.000 409.0 206.0 516.0 367.0
899bd2e7b953d3209780d309ea428bb1 1.000 18.0 94.0 314.0 435.0
899bd2e7b953d3209780d309ea428bb1 1.000 354.0 95.0 554.0 336.0
20141024-9e4f0d6b8b28f696_550x1300 1.000 53.0 101.0 278.0 336.0
20141024-9e4f0d6b8b28f696_550x1300 1.000 370.0 102.0 560.0 308.0
44869_1039520_126105 1.000 147.0 168.0 544.0 442.0
162551_94200 1.000 258.0 203.0 433.0 342.0
30116d5b-f5d7-4cbe-a015-891af6e2bdf2 1.000 165.0 81.0 417.0 295.0
94195935 1.000 157.0 96.0 393.0 314.0
street_24 1.000 188.0 112.0 423.0 290.0
1236253507-0 1.000 15.0 99.0 133.0 421.0
1236253507-0 1.000 146.0 54.0 293.0 351.0
1236253507-0 1.000 302.0 96.0 455.0 423.0
1236253507-0 1.000 472.0 106.0 597.0 354.0
20141220-7621aae363a0489e_980x660 1.000 147.0 117.0 416.0 408.0
0022191067d712a38e104c 1.000 147.0 82.0 436.0 297.0
street_189 1.000 2.0 96.0 198.0 408.0
street_189 1.000 201.0 87.0 398.0 307.0
street_189 1.000 403.0 77.0 596.0 292.0
643542 1.000 14.0 97.0 136.0 322.0
643542 1.000 203.0 111.0 398.0 332.0
643542 1.000 444.0 96.0 600.0 329.0
street_98 1.000 70.0 103.0 205.0 373.0
street_98 1.000 377.0 78.0 523.0 507.0
202Z03462-2 1.000 181.0 125.0 404.0 315.0
1395714740_671727537 1.000 220.0 102.0 448.0 279.0
134P0C07-0 1.000 159.0 117.0 423.0 324.0
186bede032e6ff577ba31164a7e98e24 1.000 3.0 96.0 212.0 294.0
186bede032e6ff577ba31164a7e98e24 1.000 220.0 100.0 423.0 303.0
186bede032e6ff577ba31164a7e98e24 1.000 429.0 85.0 599.0 309.0
street_153 1.000 34.0 94.0 594.0 580.0
street_142 1.000 220.0 111.0 447.0 300.0
5785e84859671 1.000 188.0 185.0 450.0 597.0
0022191067d711df14e02d 1.000 159.0 118.0 473.0 343.0
street_182 1.000 96.0 117.0 473.0 410.0
street_11 1.000 78.0 108.0 410.0 307.0
578ca3f21e117 1.000 63.0 4.0 212.0 558.0
578ca3f21e117 1.000 239.0 97.0 366.0 444.0
578ca3f21e117 1.000 433.0 57.0 565.0 488.0
62305_3670376_698676 1.000 225.0 118.0 386.0 285.0
62305_3670376_698676 1.000 389.0 194.0 532.0 303.0
182528bd07faed30a4337b8f1025024f 1.000 2.0 89.0 196.0 297.0
182528bd07faed30a4337b8f1025024f 1.000 214.0 85.0 402.0 358.0
182528bd07faed30a4337b8f1025024f 1.000 416.0 90.0 598.0 308.0
193bbf7e-2f45-42a7-96db-ada9cb0810c0 1.000 69.0 149.0 213.0 310.0
193bbf7e-2f45-42a7-96db-ada9cb0810c0 1.000 408.0 94.0 522.0 221.0
8448-160612114618 1.000 240.0 179.0 419.0 359.0
street_33 1.000 125.0 116.0 420.0 395.0
street_133 1.000 108.0 116.0 439.0 508.0
0713mnmxzxyqxjpsjbzxz2 1.000 295.0 273.0 547.0 555.0
street_176 1.000 200.0 132.0 416.0 353.0
0022191067d711df14df15 1.000 161.0 98.0 473.0 418.0
9909ad015accf9acce02390145006fa0 1.000 136.0 197.0 441.0 600.0
street_187 1.000 34.0 94.0 145.0 243.0
street_187 1.000 246.0 92.0 377.0 257.0
street_187 1.000 427.0 151.0 585.0 558.0
8878DDBAEFC49DB380FED5CE48AB84 1.000 192.0 116.0 429.0 333.0
street_137 1.000 3.0 91.0 195.0 259.0
street_137 1.000 203.0 91.0 399.0 374.0
street_137 1.000 404.0 98.0 599.0 259.0
8878DDBAEFC49DB382F6D5CF45AD 1.000 187.0 108.0 345.0 413.0
8878DDBAEFC49DB382F6D5CF45AD 1.000 331.0 121.0 456.0 462.0
8878DDBAEFC49DB382F6D5CF45AD 1.000 425.0 108.0 502.0 266.0
8878DDBAEFC49DB382F6D5CF45AD 1.000 480.0 139.0 546.0 302.0
street_21 1.000 147.0 153.0 472.0 395.0
street_168 1.000 177.0 164.0 519.0 495.0
street_168 1.000 12.0 174.0 206.0 424.0
street_7 1.000 174.0 153.0 446.0 361.0
street_7 1.000 478.0 82.0 531.0 185.0
street_7 1.000 29.0 83.0 103.0 182.0
street_74 1.000 76.0 107.0 359.0 387.0
224_150612163357_1 1.000 160.0 112.0 413.0 370.0
street_72 1.000 3.0 103.0 199.0 244.0
street_72 1.000 235.0 95.0 374.0 245.0
street_72 1.000 440.0 114.0 591.0 369.0
street_82 1.000 332.0 176.0 561.0 600.0
724957bda65af229ad7e7f763cfbcd8d 1.000 25.0 97.0 272.0 467.0
724957bda65af229ad7e7f763cfbcd8d 1.000 305.0 91.0 596.0 416.0
887EDABAEDC693BA86F4D5CF45AB84 1.000 214.0 111.0 427.0 308.0
887EDABAEDC693BA86F4D5CF45AB84 1.000 425.0 139.0 490.0 231.0
887EDABAEDC693BA86F4D5CF45AB84 1.000 24.0 146.0 86.0 217.0
887EDABAEDC693BA86F4D5CF45AB84 1.000 138.0 129.0 191.0 187.0
0022191067d713a1f22d27 1.000 127.0 99.0 443.0 313.0
0310da4c0f184be6a7f12c3e0a8c8185_th 1.000 166.0 190.0 403.0 598.0
00269e325eb81a0ce49907 1.000 120.0 120.0 330.0 392.0
street_57 1.000 271.0 372.0 430.0 599.0
1341751776 1.000 205.0 113.0 383.0 352.0
0022191067d713a1f22d21 1.000 179.0 102.0 432.0 300.0
0022191067d713a1f22d21 1.000 545.0 102.0 597.0 170.0
464ff9b3f42368028f1f605bfd6c2fc8 1.000 3.0 96.0 192.0 262.0
464ff9b3f42368028f1f605bfd6c2fc8 1.000 203.0 78.0 403.0 239.0
464ff9b3f42368028f1f605bfd6c2fc8 1.000 410.0 82.0 599.0 220.0
5429e4e3f87619cc4230579de758ca45 1.000 6.0 143.0 127.0 290.0
5429e4e3f87619cc4230579de758ca45 1.000 142.0 141.0 268.0 285.0
5429e4e3f87619cc4230579de758ca45 1.000 324.0 159.0 456.0 312.0
5429e4e3f87619cc4230579de758ca45 1.000 453.0 149.0 577.0 301.0
street_77 1.000 160.0 131.0 398.0 560.0
street_77 1.000 359.0 3.0 600.0 249.0
1101mnmxgbwmjptp6 1.000 228.0 290.0 463.0 506.0
street_169 1.000 217.0 129.0 439.0 311.0
33487_5138338_359619 1.000 123.0 209.0 336.0 337.0
704_1513045_597797 1.000 98.0 317.0 336.0 554.0
street_3 1.000 124.0 107.0 448.0 442.0
street_165 1.000 143.0 102.0 467.0 390.0
street_38 1.000 72.0 74.0 211.0 363.0
801391692 1.000 105.0 122.0 294.0 373.0
801391692 1.000 426.0 160.0 596.0 333.0
street_109 1.000 211.0 183.0 410.0 337.0
street_105 1.000 206.0 161.0 362.0 293.0
3401_3056556_277775 1.000 151.0 107.0 427.0 457.0
7554-140R2151000-50 1.000 144.0 145.0 441.0 398.0
224_150802145417_1 1.000 213.0 135.0 425.0 337.0
128562200_14509165468751n 1.000 18.0 131.0 600.0 533.0
8419-150925113330-50 1.000 183.0 156.0 434.0 599.0
8419-150925113330-50 1.000 47.0 210.0 148.0 418.0
street_56 1.000 177.0 129.0 396.0 360.0
06105950L-0 1.000 145.0 92.0 419.0 376.0
street_151 1.000 175.0 90.0 457.0 390.0
street_183 1.000 189.0 113.0 429.0 269.0
112Z5A14-0 1.000 213.0 211.0 421.0 427.0
210I25295-0 1.000 187.0 91.0 375.0 504.0
711df9ad-a347-43bc-ac28-d865aaad5824 1.000 142.0 144.0 559.0 328.0
street_120 1.000 94.0 356.0 422.0 599.0
105908929 1.000 188.0 138.0 390.0 428.0
street_78 1.000 159.0 104.0 432.0 331.0
street_78 1.000 484.0 220.0 519.0 253.0
704_1174489_442448 1.000 93.0 197.0 594.0 594.0
143156 1.000 133.0 125.0 357.0 306.0
street_81 1.000 134.0 104.0 410.0 483.0
