0 0.975598 51 238 298 523
3 0.975009 52 22 248 137
2 0.529133 311 205 576 274
3 0.510041 335 48 577 194
5 0.262892 297 74 599 283
2 0.258485 89 119 193 156
3 0.220992 85 13 203 104
2 0.201199 331 210 464 254
0 0.155487 298 45 576 256
3 0.154047 366 103 600 216
0 0.130201 58 100 543 538
0 0.122748 241 25 600 369
2 0.104328 343 220 535 307
0 0.103727 311 407 582 566
3 0.0873748 289 80 555 247
2 0.064652 83 102 202 168
1 0.0628008 226 213 579 592
0 0.061504 7 32 277 175
0 0.0610709 277 162 596 589
2 0.0563698 312 166 595 250
3 0.0547303 387 19 531 128
2 0.054314 315 199 436 268
0 0.0528616 34 268 487 600
3 0.0522859 77 70 250 162
4 0.0498201 478 552 558 589
1 0.0491092 92 342 174 499
2 0.0477986 402 212 546 256
5 0.0462446 294 161 595 315
0 0.0452829 8 0 454 303
0 0.0448072 367 0 600 219
0 0.0444821 0 62 321 453
3 0.0431955 296 158 491 251
3 0.0424704 95 44 227 127
5 0.0415461 513 321 556 401
0 0.0414202 163 15 560 200
3 0.0404694 0 0 275 111
3 0.0402899 58 66 181 139
3 0.0397129 292 121 496 213
0 0.0383575 312 281 479 433
3 0.0368567 48 0 237 69
0 0.0364799 15 0 316 109
2 0.0356202 85 107 187 144
3 0.0341372 65 17 169 151
5 0.0324232 311 298 397 426
5 0.030999 430 512 538 587
1 0.0298265 298 174 594 325
4 0.0297488 264 497 309 586
3 0.0295075 304 138 439 224
5 0.0294267 174 157 226 240
0 0.028899 100 321 295 576
5 0.0286587 494 0 600 269
5 0.0279142 388 0 568 268
3 0.027908 435 42 564 212
5 0.0274304 15 0 255 168
2 0.0273119 351 205 472 240
2 0.0266899 58 121 221 192
2 0.026611 340 214 475 282
5 0.026125 269 291 304 373
1 0.0258943 0 0 163 279
4 0.0258349 156 426 196 487
2 0.0255799 72 94 147 150
5 0.0249741 490 553 569 590
4 0.0248363 247 576 310 600
4 0.0246319 88 477 119 523
1 0.0239498 178 398 583 576
2 0.0230807 457 194 558 240
4 0.022798 90 454 118 498
2 0.0219563 324 192 413 247
0 0.0218407 308 327 540 527
1 0.0217536 75 346 152 463
4 0.0216962 119 423 156 484
2 0.0215846 368 230 490 268
3 0.0213583 483 127 600 212
4 0.0212933 268 541 308 600
3 0.0211772 367 151 584 248
5 0.0211297 152 376 194 462
3 0.020989 131 14 238 155
3 0.020804 366 11 494 104
5 0.0207297 197 0 328 167
5 0.0206725 551 519 589 584
