1 0.992541 217 293 378 543
5 0.970208 394 292 476 378
0 0.923239 175 112 425 305
4 0.912035 263 539 318 591
2 0.556331 269 61 351 86
1 0.378209 248 453 343 550
5 0.179051 376 293 450 366
5 0.13662 433 286 501 376
4 0.0890971 81 335 107 354
4 0.0885777 80 320 108 344
4 0.0789255 309 522 339 565
4 0.0673377 46 310 81 352
0 0.059554 61 122 534 528
1 0.0543913 216 273 403 366
5 0.0537025 434 299 476 359
4 0.0521264 309 498 340 546
4 0.0491649 53 332 90 354
4 0.0491599 102 337 127 356
4 0.0490333 283 521 327 573
5 0.0478344 346 289 431 366
4 0.0469387 96 321 117 349
5 0.0439165 436 318 475 377
0 0.0430849 289 121 413 290
4 0.0420426 101 319 130 343
4 0.040936 113 317 144 341
4 0.0386368 255 516 334 564
5 0.0363601 394 223 469 370
4 0.0349015 94 306 120 341
2 0.0341522 244 50 329 88
5 0.0335073 414 288 468 359
4 0.0314771 296 527 341 577
1 0.0304911 35 287 84 338
4 0.0303709 233 528 337 600
5 0.0296092 448 303 489 366
5 0.0290506 485 4 600 111
1 0.0290229 236 325 460 586
4 0.0289958 363 407 401 461
4 0.0282986 72 324 94 351
4 0.0281732 2 404 69 439
4 0.0280648 228 501 264 534
4 0.0278238 209 520 246 549
5 0.0273757 360 297 408 362
4 0.0272777 49 334 80 375
5 0.0267076 399 271 441 330
0 0.0264033 105 18 535 316
4 0.0262964 226 518 262 548
4 0.0259499 293 517 342 556
0 0.0258677 223 62 573 387
5 0.0253425 463 115 572 207
5 0.0249688 348 283 416 338
4 0.0247715 28 407 111 438
4 0.0246923 280 493 328 553
5 0.0239866 335 299 397 358
4 0.0239606 221 493 249 537
2 0.0239059 251 51 367 105
4 0.0237933 129 316 159 340
1 0.0233983 164 334 348 600
0 0.0231516 47 61 429 419
4 0.0231496 164 574 239 600
5 0.0229876 192 314 232 353
4 0.0229036 256 553 297 600
4 0.0225985 113 336 141 358
4 0.0225067 108 322 131 354
4 0.0224785 204 539 246 568
4 0.0221212 243 536 272 570
0 0.0219145 341 125 431 285
4 0.0218118 460 520 495 569
4 0.0216929 123 511 159 567
1 0.0216062 97 286 145 336
4 0.0213966 72 307 98 337
4 0.0213027 172 554 236 591
4 0.0212418 69 338 97 372
4 0.0210303 384 575 467 600
1 0.021013 27 301 79 353
4 0.0209506 105 302 135 340
4 0.0207308 261 568 323 597
1 0.0206037 95 298 136 326
5 0.0205603 363 314 403 382
5 0.0205567 391 303 477 437
5 0.0205198 497 318 589 468
5 0.0201555 371 257 439 385
4 0.0201434 90 337 115 369
4 0.0200763 0 503 25 571
4 0.0200651 110 544 171 598
4 0.0199842 304 465 345 528
4 0.0199371 284 552 326 600
4 0.0195616 35 304 70 350
1 0.0193312 77 298 114 327
4 0.0193122 156 561 200 600
2 0.0192987 237 62 378 125
5 0.0192646 48 20 136 169
4 0.019043 180 539 232 570
0 0.0189799 189 126 308 293
4 0.0189206 457 561 499 600
5 0.0188483 11 20 101 169
4 0.0186327 326 517 369 553
5 0.0185807 362 320 426 367
4 0.0185332 210 577 272 600
4 0.0183472 425 575 501 600
4 0.0182708 352 425 406 463
4 0.018088 105 509 141 562
4 0.0179273 156 407 216 438
4 0.0178559 245 519 293 551
5 0.0178548 382 264 457 344
1 0.0178113 231 454 304 541
4 0.0177797 423 406 454 456
4 0.0177123 440 562 480 600
4 0.0176945 240 515 271 555
5 0.0175176 382 267 427 331
4 0.0174922 419 561 462 600
5 0.0173698 424 230 506 364
4 0.0173414 253 540 298 572
4 0.0173182 294 496 349 536
4 0.0172737 249 501 366 581
4 0.0172085 348 575 429 600
5 0.0172001 334 317 390 380
4 0.0170909 113 527 169 579
4 0.0170894 444 523 479 571
0 0.0170846 419 51 585 427
4 0.0170734 138 558 181 600
2 0.0170131 518 0 554 40
2 0.0169035 225 97 393 185
4 0.0168742 0 337 23 396
1 0.0168551 184 269 270 319
5 0.0168515 421 309 505 444
4 0.0168374 64 313 103 349
