0 0.991792 204 125 435 358
5 0.958743 181 339 263 490
1 0.887813 245 339 368 519
2 0.876017 278 70 373 96
1 0.581237 243 276 384 365
1 0.441061 241 291 391 439
4 0.367007 264 487 317 549
0 0.309071 90 182 160 299
4 0.247579 530 369 586 402
5 0.240777 116 237 170 304
5 0.231213 147 340 235 501
4 0.214915 255 493 299 574
5 0.210989 99 192 167 305
0 0.186706 175 190 233 256
1 0.129719 265 396 356 510
4 0.126574 47 284 113 330
1 0.121964 523 255 576 319
4 0.112606 174 254 222 318
1 0.0913315 519 248 555 311
4 0.0860786 382 285 428 343
5 0.0822899 188 257 232 321
1 0.080261 15 383 214 590
5 0.0729236 181 414 250 487
1 0.0720857 566 281 600 374
4 0.0706464 509 300 546 324
0 0.0671237 543 179 600 294
0 0.0667458 406 495 553 592
5 0.0656699 447 518 565 595
5 0.0646598 194 380 255 477
4 0.0637612 395 290 443 333
4 0.0632425 523 274 552 315
1 0.0627389 512 247 595 388
5 0.0618902 201 347 251 443
0 0.0609044 61 120 534 529
5 0.0588755 28 365 193 598
1 0.0560992 18 493 189 595
2 0.0558106 192 172 232 190
3 0.0535578 431 476 540 557
5 0.0526097 451 281 502 330
4 0.0523294 526 301 560 323
5 0.0509268 543 187 598 285
1 0.0507903 175 248 223 312
4 0.0491701 521 383 574 412
5 0.0471295 481 292 528 321
5 0.0468805 511 203 561 266
5 0.0466312 434 283 483 328
4 0.0457402 264 471 345 552
5 0.0437894 164 399 250 564
1 0.0436855 259 443 351 538
3 0.0425047 413 498 569 599
5 0.0423959 318 356 373 415
2 0.0423738 278 64 379 118
1 0.0423275 253 297 354 353
5 0.0423028 198 275 231 334
4 0.0415519 302 463 348 534
5 0.0410576 185 385 226 464
4 0.0406064 323 437 363 511
5 0.0400278 132 270 185 309
4 0.0398354 534 347 578 396
5 0.039352 398 186 441 283
5 0.0388995 89 339 173 520
5 0.0384612 418 286 464 332
5 0.0382884 133 225 168 287
4 0.0381882 520 314 557 341
5 0.0380541 214 269 252 349
4 0.0377665 172 294 210 322
1 0.0376146 539 257 596 330
1 0.0373318 1 544 204 600
5 0.037077 135 294 212 461
0 0.0367029 227 54 576 391
5 0.0364577 131 254 180 295
3 0.0361102 412 460 525 538
3 0.0359276 285 31 380 68
2 0.035879 300 80 374 124
4 0.0353804 41 262 107 322
2 0.0348821 285 61 378 89
4 0.0347966 314 358 374 410
1 0.0347063 522 270 566 309
5 0.0344901 530 196 584 272
1 0.0344451 536 272 600 416
4 0.0343148 547 520 593 593
5 0.0341913 122 299 257 533
4 0.0332115 286 492 357 538
5 0.0329291 173 276 219 328
5 0.0329251 203 303 276 471
4 0.0325714 257 473 295 542
1 0.0324755 550 276 598 348
4 0.0324456 421 292 464 328
