1 0.993797 190 278 378 530
0 0.990995 161 95 416 309
4 0.982315 189 524 259 585
4 0.955587 311 535 392 588
5 0.725678 333 323 405 386
5 0.136789 348 302 452 363
4 0.0837059 12 158 45 210
4 0.0817447 365 306 457 349
0 0.0741243 59 117 536 531
3 0.0667276 261 10 345 51
1 0.0658323 0 38 70 170
0 0.0595788 0 37 68 154
4 0.0555327 21 182 56 210
4 0.0549113 2 182 39 210
3 0.0534604 248 7 349 82
4 0.0453012 541 546 600 600
1 0.0442133 219 274 400 365
2 0.0438707 253 45 329 80
4 0.0417926 0 157 26 213
0 0.0392274 108 20 551 314
0 0.0378417 420 36 591 427
4 0.0365715 219 526 262 576
4 0.0342564 9 125 50 198
4 0.0329785 28 167 57 206
4 0.0315629 186 532 230 579
1 0.031424 304 440 382 539
3 0.0307767 0 0 70 30
2 0.0305817 0 3 62 50
1 0.0305197 5 94 54 191
4 0.0292077 0 575 44 600
1 0.02851 306 297 400 385
4 0.0277958 336 545 388 600
4 0.0276051 186 548 245 587
4 0.0275344 334 528 383 577
4 0.0270582 539 573 600 600
4 0.0263082 521 332 589 364
4 0.0258642 160 505 273 587
4 0.0255223 313 537 358 570
4 0.0254953 58 574 155 600
4 0.0253341 0 164 41 198
4 0.0252151 51 550 162 594
4 0.0249133 205 545 256 600
4 0.0246741 302 523 376 563
4 0.0246686 299 519 331 560
1 0.0234155 305 367 381 488
3 0.0233245 0 6 64 46
0 0.0227792 36 47 392 365
1 0.0227085 142 169 344 494
5 0.0220354 0 491 49 600
4 0.0216385 8 573 95 600
0 0.0215708 251 83 600 453
4 0.0209521 568 557 600 600
1 0.0207624 159 337 339 600
5 0.0204552 43 345 149 419
0 0.0202662 0 163 328 504
1 0.0198146 293 395 372 528
4 0.0196445 0 131 29 198
4 0.0196279 0 189 23 238
4 0.0196136 555 336 600 363
5 0.0195425 62 18 106 80
5 0.0193853 383 297 454 350
1 0.0193367 156 209 252 319
2 0.0193288 21 0 65 41
1 0.0190976 0 62 51 242
5 0.0190512 351 264 438 383
0 0.0188744 84 273 493 585
0 0.0184777 445 163 577 503
5 0.0180328 449 222 564 337
4 0.017971 279 499 329 532
5 0.0175392 303 274 418 378
5 0.0172475 95 119 167 294
2 0.0170607 266 34 340 90
2 0.016909 254 0 296 43
5 0.0167748 12 432 103 581
4 0.0167459 300 530 344 575
4 0.0167307 96 551 183 593
4 0.016701 0 562 29 600
5 0.0166955 323 310 379 377
5 0.0166632 49 432 139 581
0 0.0166483 345 126 433 291
4 0.0166336 257 512 285 554
4 0.0165169 331 568 395 598
1 0.0164939 18 56 82 238
5 0.0164757 369 276 478 369
5 0.0164611 513 143 555 215
4 0.016457 52 202 118 229
1 0.0163693 211 290 343 389
4 0.0161455 8 551 101 592
1 0.0161173 321 290 460 360
4 0.0161152 571 525 600 586
4 0.0161013 26 131 61 192
2 0.0158915 0 0 41 34
2 0.0158339 211 58 346 149
4 0.0158225 578 309 600 357
1 0.0158079 328 193 422 307
4 0.0157837 14 183 44 224
4 0.015698 101 577 184 600
4 0.0156248 578 326 600 375
1 0.0155088 184 270 430 423
5 0.0154212 169 0 243 98
5 0.0153851 389 0 474 81
5 0.0153662 49 170 136 317
