0 0.971111 202 92 408 290
4 0.945201 240 513 392 597
1 0.933244 237 252 391 512
2 0.560604 218 43 327 74
0 0.273224 0 117 93 247
4 0.104001 245 485 395 557
5 0.0972872 16 310 69 376
5 0.0971627 9 322 49 393
4 0.0966166 297 483 386 583
4 0.0765478 193 299 233 355
1 0.0668441 300 404 386 509
4 0.0662527 227 548 377 592
1 0.0597893 309 250 395 353
0 0.059554 65 125 536 530
1 0.0555423 6 216 79 319
1 0.0537089 0 113 89 223
1 0.0529961 244 280 342 402
2 0.0494443 232 35 344 87
5 0.0490702 0 331 29 401
2 0.045655 228 49 280 75
4 0.0451533 187 328 233 357
5 0.044433 298 259 400 360
1 0.0351002 10 311 68 391
5 0.0339165 347 126 429 275
0 0.0334341 221 54 566 378
4 0.0331307 188 290 221 342
4 0.032872 0 576 39 600
1 0.0311882 1 326 28 386
0 0.0309124 0 149 66 306
1 0.0297544 195 246 270 336
1 0.0294556 0 275 38 309
4 0.0290946 287 508 441 583
4 0.0285158 362 504 398 567
4 0.0283185 0 350 24 415
0 0.0278826 426 44 592 427
1 0.0275967 3 268 64 316
5 0.0275188 184 237 214 282
4 0.0267838 21 304 74 367
5 0.0262711 210 257 251 327
4 0.0260926 333 484 387 568
5 0.0258043 212 282 248 342
5 0.0250525 341 300 389 385
1 0.0248457 157 337 333 600
1 0.024745 280 358 380 494
1 0.0244642 0 221 48 311
5 0.0243415 354 248 401 333
5 0.0228573 362 311 398 377
4 0.0226377 40 273 79 326
4 0.0218572 0 390 21 459
5 0.0217745 347 220 412 286
4 0.0212631 221 453 381 590
4 0.0212293 0 473 21 531
1 0.0209095 0 176 70 296
4 0.02066 0 371 22 435
5 0.020376 2 345 40 382
5 0.0203637 194 244 236 308
5 0.0202983 208 117 262 200
4 0.0199745 223 555 309 590
1 0.0198671 250 339 459 591
5 0.0198514 0 104 87 210
5 0.0198478 195 113 288 215
0 0.0198358 0 104 92 377
4 0.0197749 0 552 28 595
4 0.0196386 363 474 399 535
5 0.0196213 193 183 239 264
5 0.0194997 381 220 418 285
1 0.0194585 0 244 35 302
4 0.019421 22 268 70 327
4 0.0188291 27 292 80 331
5 0.0187055 230 258 273 328
0 0.0185396 49 67 421 425
4 0.0185221 0 508 23 564
1 0.0182633 192 173 291 290
5 0.0181559 430 84 504 258
4 0.0179404 0 532 21 583
4 0.017825 384 461 432 492
5 0.0177606 197 132 241 200
5 0.0177579 183 214 214 268
4 0.0175947 82 294 133 324
2 0.0175001 238 8 272 37
4 0.0174705 0 426 21 492
1 0.0174633 194 261 236 332
5 0.0172807 183 248 225 298
5 0.0172636 376 126 422 206
2 0.0171618 233 51 350 109
4 0.0169697 141 576 224 600
4 0.0168536 500 576 576 600
5 0.0168329 61 155 100 212
4 0.0168061 174 332 217 360
5 0.0166938 181 173 214 233
0 0.0166389 272 173 580 507
5 0.0166379 430 5 505 183
5 0.0166109 92 11 167 183
1 0.016573 0 322 42 411
4 0.0162603 437 574 524 600
5 0.0162543 391 119 464 292
5 0.0161878 468 118 542 296
2 0.0160261 65 0 99 42
5 0.016003 464 319 548 467
4 0.0159926 297 476 449 546
5 0.0159703 425 170 511 316
2 0.0158837 235 58 313 100
4 0.0157911 394 579 459 600
4 0.015734 562 577 600 600
5 0.0156354 0 493 49 600
4 0.015628 222 544 254 584
