0 0.970422 180 107 389 265
5 0.871434 77 331 253 488
4 0.816813 174 548 310 587
1 0.815896 226 239 393 488
5 0.68465 152 279 260 355
2 0.623268 281 63 351 86
4 0.478533 401 544 501 596
5 0.253776 162 208 235 296
0 0.200812 165 144 390 386
0 0.189007 94 163 193 241
4 0.128589 102 472 141 522
5 0.0985599 113 241 290 475
4 0.0963681 398 515 546 598
0 0.0878928 161 216 237 313
5 0.0847949 151 233 257 341
5 0.0842849 104 208 180 302
5 0.0763581 180 294 263 345
0 0.0729388 75 158 132 207
5 0.072803 151 286 232 335
4 0.0725708 98 452 146 511
0 0.0724395 61 122 535 533
5 0.0721264 126 221 185 288
5 0.0689735 76 372 186 483
5 0.0668176 216 291 273 355
4 0.0649459 117 474 176 514
0 0.0645193 116 159 224 271
0 0.0636685 83 167 126 227
5 0.0612914 168 214 231 264
5 0.0571417 57 287 213 520
0 0.0559382 91 170 158 230
5 0.0539328 156 224 218 279
2 0.0520474 138 129 198 151
1 0.0495616 260 237 348 355
4 0.0471424 0 305 24 361
5 0.0470161 136 238 179 309
4 0.0468949 0 327 24 377
1 0.0460737 1 215 46 296
5 0.0438941 119 262 245 380
0 0.043702 67 175 103 229
5 0.0436615 135 281 193 337
0 0.0433373 268 120 384 232
1 0.0426812 0 244 33 298
4 0.0424319 382 546 441 596
0 0.0417016 140 128 314 286
0 0.0410325 94 173 175 315
4 0.0408216 149 477 212 515
5 0.0406727 179 259 297 377
4 0.0396759 141 497 192 526
4 0.0381586 184 518 310 596
5 0.0377689 119 287 178 331
0 0.0377455 158 150 240 199
0 0.0359334 430 40 593 437
1 0.0351552 205 224 364 406
3 0.0349122 247 35 352 91
4 0.0343162 126 499 173 526
1 0.0335935 116 297 412 478
5 0.0333217 71 381 102 440
2 0.0324531 86 131 117 151
4 0.0321176 246 478 290 530
5 0.0316571 164 196 225 251
5 0.0314569 108 391 234 478
3 0.0311394 130 110 207 141
4 0.0306925 156 496 212 528
4 0.0303631 395 537 459 588
5 0.0294369 161 240 204 309
5 0.0290929 71 408 104 468
1 0.0290679 241 459 336 532
5 0.0290161 90 233 121 287
0 0.0286976 162 130 259 211
2 0.0279358 306 53 345 78
1 0.0278938 220 429 405 504
0 0.0273924 113 11 535 314
5 0.0272027 99 225 157 289
5 0.0266496 130 217 195 260
5 0.0265366 53 324 151 479
5 0.0265239 103 238 181 337
2 0.026223 73 128 101 149
4 0.0260124 92 467 128 517
5 0.0260009 102 279 144 345
