5 0.91852 274 243 447 362
0 0.840286 169 114 418 285
0 0.60566 218 162 453 343
4 0.581007 293 546 352 600
1 0.489663 220 273 344 374
4 0.395755 244 538 311 600
0 0.350308 432 118 567 427
1 0.21989 413 233 559 574
4 0.154795 30 322 58 347
5 0.143265 326 205 487 373
1 0.124725 239 252 427 370
4 0.113255 274 568 352 600
4 0.109954 38 322 70 346
4 0.101094 29 330 56 355
4 0.079048 37 331 67 354
0 0.0783628 63 117 541 533
5 0.0760326 301 273 353 352
4 0.0717319 32 299 65 342
3 0.0680754 445 80 539 179
1 0.0678304 219 293 300 370
4 0.0662929 49 319 84 345
1 0.065191 24 277 77 337
4 0.0635922 241 571 317 600
1 0.0623344 38 245 85 327
5 0.062001 285 278 376 365
0 0.0568763 191 22 560 408
4 0.0555635 49 293 81 341
2 0.0534139 252 50 331 87
0 0.0519454 428 180 600 541
5 0.0514018 290 288 334 363
4 0.0512679 18 300 46 343
4 0.0510928 22 314 55 353
1 0.0505256 207 206 385 355
5 0.0500702 235 166 437 338
5 0.0466464 366 242 455 351
4 0.0453677 69 302 94 345
4 0.0453018 9 320 37 344
1 0.043664 331 347 413 378
4 0.0434734 213 542 354 600
0 0.0425897 449 100 537 219
4 0.0411448 7 332 36 357
1 0.0402998 233 346 318 384
1 0.0400243 14 218 84 320
4 0.0389714 51 331 82 355
4 0.036599 432 490 520 595
0 0.0361165 479 84 596 460
4 0.0360993 306 515 347 577
1 0.0351138 423 389 581 581
5 0.0347075 268 246 354 340
5 0.0339032 279 245 340 295
5 0.0318039 219 270 311 368
1 0.030985 427 355 513 582
4 0.0308633 319 532 359 589
4 0.030246 436 518 489 596
3 0.0298102 458 77 531 141
4 0.0298038 307 572 374 600
4 0.0296669 60 317 100 345
1 0.0295196 264 439 352 541
4 0.0295031 206 576 278 600
5 0.028782 307 208 453 312
5 0.0286076 264 272 311 356
2 0.0284709 261 61 326 100
4 0.0281313 0 293 23 342
4 0.0274876 2 314 24 359
4 0.0268671 68 320 95 360
0 0.026815 450 106 546 324
4 0.026733 33 336 60 369
5 0.0265651 286 254 335 331
5 0.0258613 341 169 437 359
4 0.025546 278 524 346 596
4 0.0253304 239 549 278 598
1 0.0248993 210 252 287 390
4 0.0239305 16 337 44 374
1 0.0236338 395 336 475 545
1 0.0234521 12 251 53 328
4 0.0234123 212 556 276 594
0 0.0233013 36 57 420 425
0 0.0232916 247 232 567 570
1 0.0228887 194 225 314 340
4 0.0228148 252 516 294 576
5 0.022595 11 205 84 311
1 0.0224676 484 225 597 589
4 0.0220523 274 542 420 600
1 0.0217776 384 437 490 571
5 0.0216954 323 237 434 336
0 0.0213118 426 0 557 294
5 0.0212048 279 312 341 374
5 0.0208774 255 262 320 321
1 0.0205919 432 407 527 522
1 0.0205765 198 312 333 387
