0 0.982104 84 143 214 322
1 0.96038 423 380 516 600
0 0.95311 373 171 545 399
5 0.879913 61 284 157 481
3 0.35809 145 63 192 104
5 0.324729 51 437 166 588
5 0.311598 307 355 400 568
0 0.172881 57 217 181 479
1 0.134011 351 355 481 584
5 0.119953 29 302 117 467
1 0.116272 310 378 393 569
4 0.113522 320 537 399 600
2 0.100849 444 105 494 130
4 0.0891084 153 513 193 571
2 0.0885065 147 90 189 115
1 0.0861303 413 300 538 560
1 0.0798045 115 327 191 450
1 0.0728372 72 175 149 287
1 0.0727176 110 216 203 341
5 0.0675013 42 338 175 579
4 0.0641768 139 515 185 586
2 0.0551525 441 94 491 119
0 0.0546563 64 130 534 531
5 0.0525023 105 310 190 494
4 0.0501372 140 540 176 593
1 0.0492162 134 316 184 419
4 0.0473542 282 547 339 600
1 0.0453682 122 305 195 344
4 0.0449981 356 522 400 597
4 0.0440556 263 574 327 600
5 0.0430034 79 287 131 375
1 0.0427316 402 419 482 600
2 0.0418833 139 103 187 138
5 0.0416499 88 282 148 349
1 0.0412094 502 408 578 600
5 0.040574 54 314 138 441
5 0.038503 58 380 149 549
1 0.0375632 362 278 414 336
5 0.0374612 80 484 175 600
4 0.0372242 292 548 382 598
5 0.0372118 18 435 115 583
5 0.0367205 247 345 319 530
2 0.0344941 152 73 191 105
4 0.0332883 0 575 43 600
1 0.03185 116 367 197 548
4 0.0306429 433 577 496 600
5 0.030465 298 170 366 210
0 0.0302538 274 177 579 492
1 0.0301384 413 491 499 599
1 0.0292979 366 236 442 342
3 0.0290479 435 78 492 106
3 0.0287112 424 84 480 124
1 0.028589 82 186 184 308
1 0.0282459 423 317 514 476
4 0.0281146 184 300 212 337
5 0.0273029 69 294 109 373
5 0.0272196 82 264 179 423
3 0.0272005 437 92 487 120
5 0.0271165 66 326 109 415
1 0.0266679 313 456 395 596
4 0.0266133 0 547 33 599
0 0.0262527 229 58 567 371
5 0.0257239 320 284 395 472
0 0.0249846 74 287 160 412
1 0.0248393 118 285 198 336
5 0.0244756 293 320 366 516
0 0.0244124 319 351 399 493
5 0.0243074 290 161 373 228
4 0.0239285 113 575 175 600
4 0.0239104 136 486 182 569
4 0.0238263 411 579 478 600
2 0.0237358 459 90 492 111
0 0.0232094 63 160 154 312
1 0.0231836 284 286 406 568
5 0.0227494 59 470 136 600
5 0.0225411 110 301 183 346
5 0.02249 52 335 86 407
1 0.0224793 75 210 124 291
4 0.0222959 154 536 195 584
1 0.0221846 435 386 528 504
5 0.0221829 370 230 401 295
