1 0.980225 212 280 365 530
0 0.927416 152 111 431 318
4 0.870817 299 523 388 568
4 0.782798 251 522 304 570
3 0.40169 190 27 302 101
2 0.111274 202 88 285 114
4 0.101113 25 553 80 598
0 0.100595 58 107 542 535
3 0.0963188 186 60 296 103
1 0.0944515 363 270 519 354
5 0.0823038 174 296 221 391
0 0.0752658 215 30 581 385
4 0.0736366 285 527 353 569
1 0.0706805 299 460 356 534
4 0.0701158 228 537 274 567
5 0.0621643 174 133 261 248
4 0.0581709 271 517 302 554
4 0.0580474 251 509 292 553
1 0.0555466 345 182 523 355
4 0.0543539 243 527 293 558
2 0.0523194 202 102 282 128
4 0.0503594 232 526 272 550
0 0.0470768 401 20 588 449
5 0.0467905 296 81 507 357
1 0.0448986 286 432 366 525
5 0.0442559 487 541 547 595
0 0.0395047 169 127 266 247
1 0.0393151 187 234 476 489
5 0.038954 183 177 249 242
4 0.0382886 204 539 252 569
5 0.0381407 485 527 584 599
0 0.0376253 136 149 210 340
0 0.0370813 26 11 457 316
1 0.0366238 226 432 296 533
4 0.0354459 33 571 101 600
5 0.0342841 334 210 434 293
0 0.0332529 159 144 255 328
4 0.0327292 306 504 356 552
5 0.0315579 385 52 562 356
1 0.0313772 244 426 335 526
0 0.0313701 233 135 600 317
0 0.0313682 275 173 595 557
3 0.0313013 168 56 334 115
4 0.0304032 7 551 61 596
4 0.0300697 42 546 85 589
4 0.029305 243 500 302 538
4 0.0289367 241 502 275 541
4 0.0289037 0 577 43 600
0 0.0286388 6 72 324 454
4 0.027695 9 576 67 600
4 0.0272219 35 537 105 576
4 0.0271676 244 461 290 533
1 0.0259835 150 353 327 600
4 0.0253674 19 539 107 598
5 0.0242284 493 536 572 579
3 0.0242068 203 32 284 82
1 0.0232305 202 273 363 383
1 0.0231232 263 401 353 512
5 0.0230801 163 307 204 389
4 0.0226276 260 510 384 575
0 0.0225403 154 272 536 586
5 0.022456 336 244 402 298
4 0.0224504 205 525 252 553
5 0.022008 0 490 52 600
0 0.0219715 99 147 169 337
4 0.0216616 269 481 304 533
5 0.0215287 189 306 230 387
2 0.0213785 190 83 263 120
4 0.0212726 322 536 372 585
5 0.0212575 174 349 222 406
4 0.0211499 296 506 330 544
5 0.0210057 164 259 238 372
5 0.0209427 56 148 130 333
1 0.0208649 229 362 343 526
0 0.0206765 338 141 519 345
4 0.0206625 373 518 441 548
4 0.0206219 265 502 316 536
1 0.020597 408 310 600 600
1 0.0200259 237 242 568 581
4 0.0198743 231 505 270 530
4 0.0195763 184 539 237 572
5 0.0195629 133 282 213 424
5 0.0195119 355 202 416 276
5 0.0194873 94 269 168 442
4 0.0191798 335 526 382 564
2 0.0191625 213 108 259 138
4 0.0189055 217 521 262 558
4 0.0186198 486 543 517 589
4 0.0185803 0 563 27 600
4 0.0185744 42 557 119 592
4 0.0184618 98 575 190 600
5 0.0183463 194 345 236 419
1 0.0182776 358 342 537 514
4 0.0181919 366 502 444 531
5 0.0180541 51 19 137 171
5 0.0180512 56 229 130 409
5 0.0180002 407 257 529 351
5 0.0178978 0 0 51 101
4 0.0178852 172 577 236 600
4 0.0177639 343 533 401 569
5 0.0176957 51 92 137 250
1 0.0176652 398 498 541 589
1 0.0176538 11 520 99 594
5 0.0175051 448 492 565 600
5 0.0173408 38 0 151 115
4 0.0172827 485 536 516 569
5 0.0172059 352 353 439 505
4 0.0171482 226 508 253 540
4 0.0171406 474 257 519 335
4 0.0171123 346 521 409 553
1 0.0170942 365 234 545 382
