0 0.972638 160 68 511 420
4 0.918764 408 494 465 565
4 0.831916 186 527 297 592
4 0.612854 524 329 600 372
0 0.61186 485 18 597 151
1 0.521033 517 147 600 334
4 0.186575 433 98 514 190
1 0.126963 233 246 397 425
2 0.121604 235 50 318 76
5 0.12124 428 98 518 191
0 0.106392 12 5 180 174
0 0.100918 59 108 542 534
1 0.0896553 244 348 399 428
0 0.0692652 509 4 598 108
0 0.0470394 23 17 459 314
4 0.0438604 172 569 269 600
1 0.0422807 511 148 598 237
1 0.0402147 290 293 410 417
5 0.0394829 376 270 543 419
1 0.0382881 219 172 454 416
1 0.0372805 254 381 344 425
4 0.0345648 173 554 251 595
4 0.0343365 427 496 474 554
3 0.0341115 511 0 599 87
1 0.028816 307 353 492 427
0 0.0280584 470 11 555 174
1 0.0276984 241 257 329 434
1 0.0267962 508 138 599 181
0 0.0260632 8 86 319 463
1 0.0252731 506 106 584 276
0 0.0252067 269 178 599 557
4 0.0248709 0 574 45 600
4 0.0243077 382 455 480 567
5 0.0240318 51 431 138 582
4 0.0237045 389 496 430 542
0 0.0232459 537 0 600 156
4 0.0227779 575 358 600 408
4 0.0225694 543 340 600 380
1 0.0219788 530 152 600 205
1 0.021909 440 147 593 347
1 0.0218083 221 304 365 410
4 0.0217842 415 534 461 579
1 0.0217499 478 148 551 344
1 0.021433 291 344 534 463
1 0.0213715 361 228 522 413
0 0.0212628 429 33 522 173
4 0.0212371 404 525 455 564
4 0.0211398 529 310 600 361
1 0.0209671 199 287 307 417
4 0.0207264 263 523 304 580
4 0.0206597 568 321 600 375
5 0.0204179 423 195 510 387
5 0.0201891 14 431 101 582
3 0.0197973 241 12 356 77
4 0.0195471 44 572 133 600
4 0.0194249 290 575 376 600
4 0.0194072 237 516 297 574
2 0.0194056 236 37 324 68
4 0.0192374 202 453 293 584
2 0.018917 224 60 294 102
0 0.0188831 500 42 588 199
5 0.018856 50 355 138 506
5 0.0188084 88 431 176 582
1 0.0187864 239 392 403 459
0 0.0186259 139 95 373 504
4 0.0184518 0 510 22 567
4 0.0183173 176 474 311 557
4 0.0182479 571 340 600 389
1 0.0182439 284 402 378 437
5 0.0182293 389 193 478 389
5 0.0180509 171 231 244 409
1 0.0180419 542 212 600 391
4 0.0179024 491 333 536 398
4 0.0178769 246 549 292 600
1 0.0178177 344 378 418 426
1 0.017521 19 0 157 272
5 0.0173997 0 246 26 309
4 0.0173953 269 562 307 600
2 0.0172763 247 59 327 103
