0 0.97882 199 133 429 421
4 0.977974 292 520 348 581
1 0.915728 288 367 373 544
3 0.587608 242 58 404 131
5 0.316646 400 248 441 297
3 0.184486 272 61 380 108
2 0.0965096 277 86 374 120
1 0.0877549 266 284 391 505
0 0.0848833 57 115 537 533
5 0.076522 385 240 435 303
1 0.0762831 254 342 338 529
5 0.0717933 211 123 305 212
5 0.051246 214 143 260 206
0 0.0499854 235 121 396 239
3 0.042736 247 80 400 170
5 0.041142 304 184 357 279
0 0.0400163 117 14 569 312
2 0.0396504 272 98 361 128
0 0.0385288 260 86 600 448
3 0.0377467 296 70 405 152
4 0.0367955 303 547 349 599
5 0.0339667 206 275 288 429
1 0.0308616 321 260 397 444
1 0.0299646 299 414 365 520
5 0.0291481 350 227 431 403
0 0.0288838 0 74 328 453
5 0.0270485 380 200 425 274
0 0.0267638 16 37 171 420
4 0.0255493 269 518 370 600
5 0.0254703 210 133 278 189
4 0.0254432 0 575 44 600
5 0.02508 418 247 452 297
0 0.0246976 352 155 431 348
4 0.0244844 172 573 267 600
5 0.0238767 204 157 234 203
4 0.0238394 316 511 359 570
4 0.0232188 118 576 209 600
1 0.02302 209 341 283 515
1 0.0222301 345 346 418 522
4 0.0212074 282 529 317 574
5 0.0211882 125 59 211 207
4 0.021143 281 512 315 561
4 0.0207926 0 549 31 598
0 0.0205494 315 158 404 410
2 0.0202428 251 79 339 130
4 0.0199572 219 576 296 600
5 0.0199094 458 125 570 224
5 0.0197658 171 231 244 411
5 0.019735 320 205 402 422
1 0.0196901 281 259 361 452
4 0.0195695 541 546 599 598
4 0.0192756 319 541 357 586
4 0.0191024 0 527 24 587
5 0.0187186 0 492 49 600
1 0.0186945 353 261 426 435
0 0.0186411 245 235 391 444
5 0.0184798 394 210 442 262
5 0.0184651 314 312 406 439
5 0.0182208 125 131 211 281
1 0.0181098 7 0 150 260
5 0.0180524 247 87 298 140
5 0.0179045 239 255 323 448
0 0.0176595 40 229 388 557
4 0.0176331 474 574 562 600
5 0.0173342 90 41 171 223
5 0.0171792 468 7 545 183
5 0.0171752 85 167 175 318
5 0.0171467 222 116 286 177
4 0.0170712 324 560 361 600
5 0.0170648 50 428 137 582
0 0.0169994 152 95 350 490
5 0.0169402 165 63 249 202
5 0.0168378 55 87 201 179
4 0.016736 491 550 582 595
3 0.0167076 263 28 428 111
3 0.0166916 275 55 361 92
4 0.0164184 516 574 597 600
5 0.0164126 217 165 255 221
4 0.0163806 180 184 232 210
5 0.0162769 164 392 250 540
5 0.0162716 13 389 101 544
5 0.0162623 131 193 204 366
5 0.0162367 164 0 248 80
5 0.0162281 328 368 393 434
4 0.016194 152 553 251 596
5 0.0161899 273 390 313 462
5 0.0161497 4 104 49 180
1 0.0161435 274 376 354 482
5 0.0160703 132 0 205 99
5 0.0159547 0 81 49 260
4 0.0159183 284 551 338 587
2 0.015835 557 0 600 27
4 0.0157 95 179 193 214
5 0.015674 52 506 137 600
5 0.0156713 15 232 95 405
5 0.015655 126 430 212 584
1 0.0156138 437 201 579 288
4 0.0155887 0 543 60 597
4 0.0155647 270 575 332 600
4 0.0155331 450 552 548 596
4 0.0154995 80 575 172 600
