5 0.962287 23 282 263 450
2 0.84501 207 36 314 61
0 0.736467 99 80 375 311
4 0.561869 278 515 350 545
1 0.35284 107 427 281 524
1 0.288909 128 190 374 509
4 0.232739 186 513 260 543
2 0.16078 439 442 541 481
4 0.122049 305 551 396 591
0 0.102191 56 113 538 534
4 0.0890328 545 524 594 589
4 0.084692 503 511 592 591
4 0.0834128 293 517 378 553
0 0.081498 121 90 349 494
0 0.0782571 179 89 379 249
4 0.0757161 19 562 88 593
5 0.0726694 92 282 185 350
4 0.0666149 292 520 393 583
4 0.0665569 259 489 285 523
1 0.0618394 70 402 312 547
4 0.0524084 240 488 268 523
0 0.050308 243 256 380 512
2 0.0489329 199 13 322 60
4 0.0479907 272 515 304 533
0 0.0441077 432 181 594 551
4 0.0434727 292 532 375 567
0 0.0432666 28 38 411 405
5 0.0423313 211 356 289 450
5 0.0415957 349 274 386 348
4 0.0406476 280 519 324 537
0 0.0392334 419 425 586 563
4 0.0390626 276 497 303 527
5 0.0380735 100 293 175 333
4 0.0374635 0 574 47 600
5 0.0369655 118 434 222 522
0 0.0362881 1 146 322 527
1 0.0358167 251 445 289 516
1 0.0352382 250 209 390 538
5 0.0350402 98 112 159 174
0 0.0342522 96 8 565 315
4 0.0342268 242 515 276 534
5 0.0336567 305 199 350 277
2 0.0336398 434 420 557 489
0 0.0331858 437 48 595 437
4 0.0331573 229 516 271 538
4 0.0325747 166 532 244 569
5 0.0315268 357 278 412 342
1 0.0315179 92 335 284 508
4 0.0301922 490 548 585 592
5 0.0295398 313 188 392 280
5 0.0286616 119 437 168 517
1 0.0283923 447 220 600 576
5 0.0283055 132 330 242 436
1 0.0278374 207 432 290 518
5 0.027577 237 392 291 454
0 0.0272622 122 269 532 589
4 0.0272206 336 529 388 581
4 0.0266346 168 511 242 554
5 0.0265623 325 182 383 250
4 0.0265343 529 535 582 594
4 0.0262014 273 521 310 560
5 0.0261716 102 100 203 187
5 0.0261374 345 262 394 325
5 0.0260945 19 331 131 437
5 0.026027 349 352 432 507
4 0.0259089 2 554 65 600
4 0.0255748 183 574 257 600
5 0.025398 192 272 294 452
5 0.0251127 304 186 360 250
4 0.0248883 291 518 334 559
0 0.0244418 279 313 364 510
5 0.0244324 391 303 467 486
4 0.0238171 120 540 180 570
5 0.0238033 304 339 393 510
4 0.0237051 33 572 98 599
4 0.0236339 309 570 393 600
5 0.022884 0 332 227 474
5 0.0228762 328 269 366 354
4 0.0228756 457 559 500 600
1 0.0227151 268 395 371 522
4 0.0226801 108 556 182 588
1 0.0226361 183 431 350 513
5 0.0225429 66 299 184 371
5 0.0224609 358 269 417 313
4 0.022391 275 509 311 542
5 0.0222881 352 277 435 442
4 0.0221888 556 574 600 600
5 0.0220529 341 113 386 175
5 0.02199 104 129 144 183
5 0.0218387 372 284 440 330
4 0.0216547 74 577 144 600
5 0.0216243 347 250 422 340
5 0.0213947 231 342 277 433
4 0.0213674 401 574 486 600
4 0.0213588 531 506 580 576
4 0.0213578 137 537 204 570
4 0.0212416 457 526 501 581
4 0.0209313 14 538 89 575
0 0.0208139 262 173 575 532
1 0.020779 232 443 274 513
1 0.0206677 137 463 310 536
1 0.0204207 0 455 314 599
4 0.0203752 282 575 351 600
4 0.0203679 463 574 543 600
5 0.0203578 425 246 510 395
5 0.0202847 407 296 573 545
4 0.0202807 438 557 481 600
5 0.0201981 425 22 512 169
4 0.0197861 278 523 305 545
4 0.0197155 70 536 147 572
4 0.0196656 494 571 583 600
3 0.0194883 416 397 571 484
4 0.0194687 0 559 44 593
0 0.0191797 263 94 380 197
5 0.0191444 90 137 122 187
5 0.0190392 341 151 445 259
5 0.0189793 335 273 405 384
0 0.0189597 77 62 388 213
4 0.0189574 123 547 293 600
4 0.0189005 46 542 86 586
5 0.0188999 340 189 446 296
4 0.018895 0 530 25 587
5 0.0188292 464 94 550 244
