0 0.996519 204 350 302 434
0 0.994976 0 87 176 313
0 0.986362 335 98 472 308
3 0.968517 347 0 449 57
0 0.955814 403 345 503 455
1 0.920681 36 305 166 556
4 0.913593 64 550 115 595
1 0.907916 414 434 493 578
1 0.906924 216 434 280 574
4 0.896207 112 517 154 582
1 0.890695 318 417 386 576
0 0.887009 474 71 592 273
1 0.878298 521 435 589 584
0 0.858067 311 341 397 510
0 0.829606 521 342 589 444
0 0.802876 209 74 322 283
3 0.764418 55 6 128 53
1 0.756163 498 229 592 303
3 0.403697 482 8 559 42
2 0.371513 351 31 439 61
2 0.369036 236 26 281 46
4 0.324851 445 561 485 599
4 0.232266 228 565 266 591
2 0.225628 485 13 557 40
2 0.176981 355 47 427 68
0 0.173347 281 75 425 312
2 0.154153 441 321 476 334
4 0.148741 435 567 472 595
1 0.140636 494 165 589 305
4 0.140153 407 569 435 599
4 0.128277 219 574 268 596
5 0.127663 4 285 45 344
4 0.125123 445 547 480 589
4 0.124662 235 534 272 583
1 0.123728 217 437 287 504
5 0.119144 516 392 563 449
4 0.118279 543 561 584 592
4 0.11076 457 543 490 589
2 0.109662 489 28 552 55
4 0.109267 409 550 436 590
4 0.107766 225 542 254 582
2 0.107213 66 30 129 59
4 0.105057 325 576 386 599
2 0.10211 333 316 375 332
4 0.0941649 342 557 390 597
2 0.0881492 246 321 276 335
5 0.0870254 482 386 510 456
5 0.0823856 300 373 329 433
4 0.0823476 367 568 394 599
2 0.0804365 432 320 471 342
4 0.0765748 72 532 129 589
5 0.0764864 307 369 347 440
3 0.0737228 362 28 444 60
1 0.0720516 221 490 260 572
4 0.0688009 537 575 588 596
4 0.0678333 245 577 297 600
2 0.0652023 236 20 274 38
