1 0.987326 218 319 391 466
0 0.9772 187 180 436 343
4 0.945136 280 496 338 551
4 0.934152 176 493 249 544
5 0.410062 182 299 240 345
1 0.168274 209 339 302 457
5 0.10536 510 246 598 335
5 0.104933 516 317 600 424
5 0.0778932 196 298 264 348
0 0.072464 509 249 598 349
5 0.0693411 512 357 598 491
2 0.0678861 290 147 341 167
5 0.0641804 458 328 535 441
0 0.0613417 182 235 423 414
0 0.0597488 60 122 532 529
5 0.0592204 193 263 281 349
1 0.0560109 293 340 386 457
4 0.0542483 207 480 251 532
4 0.0419983 547 533 594 581
4 0.0418791 213 466 251 510
4 0.0410797 177 516 223 548
5 0.0398001 173 271 228 324
4 0.0363302 303 490 341 533
5 0.0353271 513 280 600 378
1 0.0344937 304 424 365 461
3 0.0343221 287 130 351 159
4 0.0331231 573 546 600 598
1 0.0323521 281 422 348 460
5 0.0313202 543 308 600 393
4 0.0311279 192 509 235 553
4 0.0303345 561 574 600 600
4 0.0297745 164 464 257 556
1 0.0296506 193 254 424 422
5 0.0296464 493 341 535 428
2 0.0291019 288 160 343 194
4 0.0286672 273 514 314 559
1 0.0283317 205 249 300 353
5 0.0280318 175 315 214 342
0 0.0277654 320 207 409 342
5 0.0275048 199 363 238 448
5 0.0273141 466 289 531 324
5 0.0270554 511 339 562 432
5 0.0270429 542 389 600 483
5 0.0263944 212 359 261 451
4 0.0256172 221 496 268 532
0 0.0255964 193 204 328 334
0 0.0254733 229 68 570 397
5 0.024374 474 338 554 511
1 0.0240823 244 412 334 495
4 0.0236992 555 522 589 568
5 0.0232615 492 281 534 339
0 0.0227129 118 18 554 316
5 0.0220483 514 269 563 344
5 0.021716 542 0 600 90
1 0.021526 210 305 292 348
5 0.0213365 456 355 505 437
4 0.0212959 335 329 399 361
5 0.0210632 165 220 272 336
0 0.0210063 40 46 388 371
4 0.0203877 310 475 342 507
0 0.0203877 429 0 588 361
5 0.0203454 157 317 190 342
4 0.0199024 574 512 600 566
1 0.0193321 339 245 415 351
5 0.0193292 131 124 204 298
4 0.019327 501 405 538 473
5 0.018984 93 119 167 296
5 0.0187683 425 21 511 169
2 0.0186609 310 164 344 192
5 0.0186285 559 405 600 472
4 0.0185028 353 463 377 492
1 0.0184096 261 418 328 461
1 0.0183318 222 440 283 479
2 0.018199 288 130 345 165
5 0.0181572 341 364 385 446
5 0.0181139 388 19 474 170
1 0.0176579 345 310 412 353
5 0.0176071 431 201 503 366
1 0.0175992 210 422 273 462
1 0.0174163 507 0 600 92
5 0.0173067 552 254 600 320
1 0.0172936 170 376 349 600
1 0.0172694 243 384 453 600
4 0.0170218 42 558 89 600
1 0.0169801 501 0 600 188
4 0.0167255 552 556 592 600
5 0.0166699 430 83 506 256
5 0.0166675 378 252 418 332
5 0.0164984 351 21 438 170
1 0.0164496 225 394 319 473
4 0.0164485 230 514 277 545
5 0.0164418 464 19 550 169
