0 0.992865 272 163 550 337
4 0.854793 342 436 418 495
4 0.830016 453 469 532 537
0 0.802821 53 266 283 523
1 0.757313 266 351 516 431
4 0.295522 174 496 230 534
4 0.277638 237 513 303 560
2 0.254589 187 232 264 264
4 0.160566 84 512 138 547
1 0.136596 346 317 547 442
4 0.121782 135 500 182 569
4 0.120012 132 532 183 580
1 0.0881536 463 404 553 451
4 0.0825381 172 474 221 529
1 0.0797041 252 334 451 464
0 0.0773057 55 114 533 533
1 0.0706931 441 319 554 446
2 0.0672734 283 119 392 165
4 0.0620609 457 527 504 593
4 0.0617196 248 534 308 566
2 0.060904 175 220 275 258
4 0.0605938 237 488 280 547
4 0.0600819 71 491 134 547
0 0.0521005 239 55 592 391
4 0.0508797 195 503 226 537
4 0.0479158 138 559 180 600
5 0.045866 279 305 336 362
4 0.045731 231 479 307 559
0 0.0435276 101 278 504 599
5 0.0427744 47 422 132 526
1 0.042553 322 387 516 457
4 0.0395376 447 485 483 542
1 0.0394772 140 453 225 539
4 0.0370795 451 529 480 580
0 0.0365811 462 309 563 436
1 0.0364573 270 246 541 384
0 0.035824 272 228 548 386
5 0.0356359 268 311 327 379
4 0.0355876 479 455 533 517
0 0.0350135 39 3 466 305
4 0.0349812 155 513 191 555
4 0.0348192 460 438 538 482
4 0.0344873 328 453 396 496
4 0.0344824 194 485 227 523
4 0.0341442 451 518 540 598
4 0.0339791 323 437 398 483
1 0.0338308 113 446 203 550
4 0.0319769 449 507 478 561
4 0.0311946 243 541 302 588
3 0.0294687 173 205 273 276
1 0.0291704 452 516 537 592
4 0.0289655 0 575 45 600
5 0.0287561 270 220 314 284
2 0.0284305 321 130 465 229
1 0.0284025 263 372 403 476
4 0.0282463 37 481 87 510
1 0.0280582 161 447 224 510
4 0.0279584 125 553 181 583
1 0.02779 453 423 545 461
0 0.0274813 132 295 303 480
4 0.0272312 510 418 551 468
4 0.0268753 230 519 274 548
4 0.0258942 60 500 106 530
4 0.025795 417 576 476 600
4 0.0257904 146 575 213 600
2 0.0257323 289 133 380 183
2 0.0256899 294 117 426 190
4 0.0256555 196 514 237 540
3 0.0254406 307 63 437 151
1 0.0252199 188 416 274 511
1 0.025118 162 431 252 520
0 0.0250412 256 167 487 256
0 0.0248776 279 178 587 521
4 0.0246775 266 520 304 559
4 0.0244688 156 562 196 600
5 0.0243646 128 234 158 285
4 0.0242082 123 506 166 564
4 0.0240192 299 423 438 502
4 0.0238326 267 542 309 582
1 0.0238128 295 407 489 600
4 0.02351 428 531 455 573
2 0.0231785 183 249 266 283
2 0.0228702 266 160 472 266
4 0.0227199 512 438 549 486
5 0.0226753 266 292 332 329
4 0.0219015 387 575 463 600
5 0.0214395 132 226 184 287
4 0.0209627 138 468 222 553
0 0.0207838 0 90 328 462
4 0.0205156 18 463 65 497
4 0.0204114 156 534 188 570
5 0.0203458 142 217 177 271
1 0.0201909 262 328 449 401
5 0.0201113 538 220 572 267
4 0.0201064 247 473 288 538
5 0.0198963 262 273 334 311
5 0.0198332 273 165 378 315
0 0.0197742 276 176 404 299
4 0.01952 158 485 200 544
5 0.0194597 45 357 149 517
