0 0.948885 199 150 399 460
1 0.924956 233 464 364 596
5 0.669826 211 251 350 462
0 0.111862 228 179 321 286
2 0.0946268 279 81 340 119
3 0.0891191 280 26 337 73
2 0.0807871 284 70 339 104
5 0.0674099 335 261 417 360
0 0.0673947 59 125 535 534
5 0.0669332 377 272 418 356
4 0.0484353 65 548 134 598
2 0.0419477 279 95 337 145
5 0.0411884 231 336 323 448
5 0.0384009 172 296 247 467
0 0.0366746 233 165 402 351
1 0.0358083 215 236 355 493
1 0.0357287 201 389 365 579
1 0.0350572 325 274 409 375
2 0.0341193 270 64 346 135
1 0.0334757 248 435 353 528
4 0.0328642 26 531 140 600
5 0.0323097 348 296 416 352
5 0.0322696 233 375 275 434
1 0.0302197 262 453 361 497
5 0.0289272 326 254 374 331
4 0.0286083 138 575 225 600
5 0.0276821 560 256 595 290
4 0.026902 41 571 133 600
4 0.0265212 239 576 314 600
2 0.0254217 291 10 325 43
2 0.0253566 278 11 309 43
5 0.0253479 548 304 592 390
1 0.0247948 274 414 372 500
0 0.0241661 246 67 460 485
5 0.0239 200 203 230 270
5 0.0238642 216 367 256 440
5 0.0234571 304 312 389 480
4 0.023379 179 576 257 600
5 0.0231827 8 37 90 132
5 0.0230463 220 203 253 276
5 0.0223747 325 332 370 433
5 0.0221627 555 206 591 273
3 0.0218678 281 40 336 92
0 0.0217214 73 12 469 314
4 0.0216317 435 571 525 600
5 0.0216178 185 303 212 362
3 0.0214882 271 48 346 117
4 0.021066 571 557 600 600
4 0.0210514 347 576 430 600
5 0.0209576 540 255 571 300
5 0.020911 555 232 589 289
4 0.0207445 435 559 483 600
0 0.0204951 210 12 563 403
2 0.0204768 271 60 328 109
1 0.0203853 253 437 342 486
4 0.0202079 417 553 510 595
4 0.0201468 501 563 567 600
5 0.0199561 57 345 131 525
2 0.0198832 282 115 339 163
4 0.019707 98 562 142 600
5 0.0196335 0 488 51 600
5 0.0195551 512 304 593 422
5 0.0195347 49 427 139 587
4 0.0193513 78 532 127 590
0 0.0192773 0 92 330 452
4 0.0189342 0 559 29 600
4 0.0189314 531 556 577 600
4 0.0188627 454 557 502 600
0 0.0187561 277 176 580 499
5 0.0184066 11 430 102 585
5 0.0182468 88 428 175 586
3 0.0182462 274 17 323 58
5 0.0181762 533 322 581 406
4 0.0180929 0 574 47 600
1 0.0180918 298 434 378 486
5 0.0176622 126 430 211 583
5 0.0175331 395 382 468 557
2 0.0174034 271 0 317 35
5 0.0173144 17 9 95 181
5 0.0171223 18 345 93 522
4 0.0170832 492 557 540 600
5 0.0170614 94 346 168 522
5 0.0170567 241 361 297 439
2 0.01686 250 0 301 33
5 0.0168594 573 203 600 270
5 0.016852 0 7 51 180
5 0.0168324 57 269 130 444
5 0.0167993 521 254 546 295
5 0.0166283 211 320 296 487
5 0.0164394 539 297 578 368
2 0.0163876 285 52 331 92
5 0.0163875 426 431 511 582
5 0.0163595 385 204 416 275
5 0.0162528 132 273 205 443
5 0.0162365 94 270 167 444
5 0.0161564 55 7 129 181
4 0.0161324 97 531 143 590
4 0.0161272 309 577 384 600
1 0.0160309 4 0 149 254
5 0.0158491 549 488 600 600
4 0.0157669 41 557 92 600
5 0.015765 0 71 25 142
5 0.0156887 431 122 503 293
5 0.0156611 89 18 174 171
5 0.0156377 425 359 511 506
5 0.0156312 200 260 235 338
5 0.0156082 570 326 600 412
4 0.0155193 155 561 201 600
5 0.0154489 169 46 241 217
5 0.0153874 503 242 530 285
5 0.0153286 17 61 83 109
5 0.0153271 431 44 504 219
4 0.0152699 126 566 194 600
