0 0.987768 205 146 392 280
5 0.941469 237 353 412 539
4 0.672061 400 507 481 546
4 0.558194 320 531 417 567
1 0.254015 233 277 387 377
3 0.236691 211 28 366 105
4 0.223603 341 519 412 561
4 0.180343 218 517 246 559
1 0.164057 234 322 409 535
4 0.162149 294 514 408 557
4 0.10535 206 493 234 549
3 0.100035 219 54 378 121
3 0.0929357 229 37 335 90
1 0.0862138 233 241 325 336
4 0.0858029 214 487 251 548
4 0.084107 363 515 448 552
5 0.0812222 209 369 290 549
4 0.0782457 211 515 235 556
5 0.0714431 208 443 262 514
0 0.0607389 59 118 534 529
1 0.0497646 218 222 305 317
1 0.0463699 230 298 322 386
5 0.0451182 343 175 389 268
5 0.0450672 342 138 390 222
5 0.0422671 171 348 247 521
1 0.0400393 293 252 389 339
4 0.0399906 218 541 247 566
4 0.0393897 355 532 430 564
4 0.0374571 314 505 451 574
1 0.0338298 274 494 390 539
1 0.0322166 314 280 407 375
0 0.0321197 432 24 590 429
1 0.0312624 386 368 465 520
2 0.0309847 258 85 340 117
0 0.0303734 232 64 580 389
5 0.0295954 290 318 465 513
5 0.0292277 383 404 427 495
4 0.0291247 1 16 65 71
5 0.0290381 196 156 240 233
4 0.0289021 233 512 286 548
5 0.0287382 398 418 445 516
4 0.0285918 510 343 599 387
5 0.0282346 230 449 278 536
3 0.0278812 0 10 63 62
5 0.0277612 103 0 209 42
5 0.0276818 167 428 253 574
0 0.0262923 56 1 464 319
5 0.0262883 343 208 388 298
3 0.0262529 204 40 325 134
3 0.0261104 17 0 123 64
4 0.0256039 357 542 404 581
4 0.0243141 201 462 237 532
5 0.0242833 203 149 264 232
5 0.023497 226 416 274 514
5 0.0231918 366 409 438 516
0 0.0231825 0 92 331 456
4 0.0230355 415 517 462 563
4 0.0229286 222 515 261 551
5 0.0227054 461 167 550 317
4 0.0226567 209 452 256 532
4 0.0219463 413 293 504 330
5 0.0218534 255 487 330 540
5 0.021815 505 154 583 333
5 0.021807 245 444 351 538
4 0.0217393 256 502 408 576
5 0.0216427 424 169 512 318
5 0.0215976 0 491 52 600
0 0.0214253 382 8 600 234
4 0.021196 216 562 253 600
4 0.0210002 249 537 310 572
4 0.0209103 200 449 247 508
5 0.020472 202 451 241 516
2 0.0204621 251 68 342 106
0 0.0204321 10 10 218 216
5 0.0202326 239 481 302 540
5 0.0201454 269 405 392 506
4 0.0200181 237 538 283 568
5 0.0198821 359 182 401 259
5 0.0198191 360 436 406 522
5 0.0194155 131 45 205 220
1 0.0193293 403 408 521 524
5 0.019308 363 147 402 219
4 0.0191063 280 577 349 600
0 0.0189459 10 161 159 538
2 0.0189157 217 0 296 23
4 0.0188864 252 506 291 554
5 0.0188719 332 363 434 527
4 0.0185806 244 513 313 548
5 0.0184529 189 195 253 235
5 0.0183221 360 218 402 294
2 0.0182795 37 0 104 42
4 0.0182454 248 484 293 545
5 0.0182376 131 384 206 563
1 0.0181751 251 289 338 338
5 0.0180772 209 179 260 252
4 0.0180645 356 497 406 550
5 0.0179206 88 167 175 320
5 0.0178136 452 225 562 339
4 0.0177535 80 180 166 215
