0 0.975278 186 144 323 391
1 0.958394 209 382 307 600
3 0.255205 200 36 261 97
5 0.223754 212 206 326 411
1 0.138957 214 478 300 600
5 0.127943 170 250 219 330
1 0.0829217 197 294 325 542
5 0.0797567 176 232 251 338
2 0.0724691 197 64 252 103
3 0.0633213 196 34 253 68
0 0.0612876 59 125 535 530
4 0.0577566 418 554 470 597
5 0.0572164 311 276 341 352
0 0.0554594 203 36 263 98
0 0.0478479 184 141 296 265
4 0.0452133 190 579 254 600
2 0.0440766 192 80 252 123
4 0.043761 431 550 491 600
5 0.0434598 223 302 321 407
4 0.0433531 424 541 459 589
5 0.0413945 167 267 204 326
0 0.0392344 197 61 265 134
2 0.0383518 190 70 233 100
4 0.037344 225 580 290 600
4 0.0353286 33 551 134 597
5 0.033712 258 225 346 407
5 0.0334085 197 307 236 392
5 0.0322644 291 250 328 343
4 0.0302056 149 545 208 599
5 0.0301137 194 271 235 351
4 0.0300975 520 545 585 600
5 0.0298198 419 202 460 268
5 0.029692 181 292 212 355
4 0.0290336 413 573 478 600
5 0.0287893 315 228 387 404
4 0.0285375 2 543 61 598
1 0.0284898 188 409 258 600
2 0.0278865 188 20 231 46
5 0.0259569 183 316 213 377
4 0.0259317 0 548 33 599
4 0.0259082 25 510 135 600
4 0.0258883 440 531 481 590
0 0.0258856 204 90 261 146
4 0.0253316 455 523 501 593
0 0.025204 197 57 246 113
5 0.0248541 312 242 341 316
5 0.0247835 308 306 343 388
0 0.0243563 177 159 268 346
2 0.0243486 203 12 232 39
2 0.0241016 584 242 600 263
5 0.0231555 188 105 215 149
4 0.0231543 511 554 559 600
4 0.0228141 260 579 321 600
0 0.0225198 231 61 574 389
2 0.0224688 208 95 255 146
4 0.0223614 58 572 144 600
4 0.0222484 398 552 454 596
5 0.0221568 192 224 282 351
2 0.0220726 188 86 231 120
0 0.0219281 114 20 532 314
4 0.0217689 326 574 412 600
4 0.0214628 145 576 219 600
4 0.0214107 250 548 293 600
3 0.0213877 215 54 269 107
5 0.0213254 284 324 328 409
5 0.0210039 289 134 323 199
4 0.0209292 23 570 119 600
1 0.0208898 215 382 303 419
5 0.0208213 439 188 473 254
0 0.0207017 578 233 600 276
4 0.0206311 513 570 593 600
4 0.0204275 447 562 506 600
5 0.019958 229 359 312 407
5 0.0198711 342 171 397 228
5 0.0198125 186 90 214 135
4 0.0196777 564 561 600 600
5 0.0196739 376 262 472 373
4 0.0196439 84 548 148 597
5 0.0195715 332 303 361 357
4 0.0195654 0 527 25 589
0 0.0195644 135 167 202 333
4 0.0195363 0 575 45 600
0 0.019464 43 44 384 371
4 0.0194432 78 558 126 600
5 0.0191678 286 280 327 376
3 0.019092 215 29 272 81
1 0.0190872 198 389 294 517
2 0.0190594 193 37 238 65
0 0.0190318 442 171 596 546
4 0.0189299 296 576 368 600
2 0.0189111 218 10 250 39
5 0.0189059 204 31 259 82
5 0.018885 430 296 505 487
4 0.0188151 283 548 333 599
5 0.0187909 0 490 53 600
3 0.018786 191 51 236 82
0 0.0187344 16 54 174 415
4 0.0185495 59 556 111 600
5 0.0185468 554 288 597 379
5 0.0183053 96 198 168 372
5 0.0182935 346 185 385 237
5 0.0181288 361 184 405 241
5 0.0180388 0 118 49 297
5 0.0178717 57 197 131 376
5 0.0178095 331 286 361 339
5 0.0177505 0 41 48 220
5 0.0177069 223 40 268 103
5 0.0177033 0 228 25 286
5 0.0176611 131 208 208 351
5 0.0175933 403 177 442 252
0 0.0172365 143 134 283 408
4 0.0171718 41 557 92 600
5 0.01696 56 121 129 295
5 0.0169049 353 245 438 397
4 0.016869 372 576 446 600
5 0.0168657 263 349 314 413
5 0.0168646 394 295 467 482
2 0.0167984 581 229 600 248
5 0.0167911 182 80 227 131
4 0.0167001 495 562 536 600
5 0.0166394 268 132 310 200
5 0.016581 540 266 570 323
0 0.0165473 279 97 351 266
2 0.016445 578 216 600 250
5 0.0164399 429 371 506 557
