0 0.994113 197 129 394 303
4 0.776873 338 534 408 595
4 0.755497 206 538 282 590
1 0.621339 237 280 405 542
5 0.53288 13 344 108 509
5 0.522589 188 309 323 536
1 0.41799 305 300 405 504
3 0.324617 241 41 353 94
3 0.13438 231 49 361 126
4 0.101615 327 466 401 517
1 0.0981911 185 249 355 549
5 0.0887437 179 249 261 343
1 0.0806085 327 463 403 518
4 0.0760502 361 543 424 595
0 0.0722246 60 121 536 533
4 0.0637669 340 507 394 572
5 0.0601173 10 300 97 459
5 0.0590922 176 318 257 530
4 0.0555548 6 496 102 533
4 0.049988 380 540 418 587
4 0.0470776 333 524 382 582
4 0.0454591 491 517 598 593
5 0.045279 17 305 184 523
4 0.0450314 335 498 434 593
5 0.0445103 0 319 64 490
1 0.0411597 297 258 389 363
5 0.0408826 172 259 225 351
5 0.040274 1 406 131 520
2 0.0396002 250 61 340 102
5 0.0391307 163 280 197 347
4 0.0381008 195 504 295 596
4 0.0379448 175 539 308 600
0 0.0362878 211 420 314 534
0 0.0358862 188 39 371 270
5 0.0349568 338 451 401 513
1 0.0338759 324 417 406 512
1 0.0335518 284 276 373 482
4 0.0325366 0 501 43 531
4 0.0325114 42 496 152 534
1 0.0324646 313 238 394 434
4 0.0315634 201 536 245 580
4 0.030748 512 545 587 594
4 0.0302049 203 554 272 600
4 0.0297232 161 501 210 531
5 0.0288251 188 240 241 322
4 0.0283597 349 446 402 512
5 0.0282834 17 350 74 457
5 0.0275448 363 271 402 353
0 0.0275138 226 49 573 388
5 0.027394 361 127 407 207
5 0.0273311 380 365 422 446
4 0.0268812 337 483 394 548
1 0.0260132 198 433 308 538
5 0.0255146 378 185 419 250
0 0.0254119 67 9 471 310
5 0.0249821 178 144 223 219
0 0.024832 140 196 342 549
1 0.0246578 333 478 397 545
4 0.0246441 365 571 435 600
5 0.0239745 0 493 49 600
1 0.0238003 347 282 423 469
3 0.023584 256 58 345 102
4 0.0235714 379 556 421 600
3 0.0235124 251 35 345 74
4 0.0227138 226 534 276 575
0 0.0224826 84 273 491 591
5 0.022458 164 210 249 355
4 0.0224293 137 496 188 531
5 0.0222793 207 277 256 345
0 0.0221321 18 157 159 532
0 0.0219907 0 162 319 514
5 0.0219439 189 233 286 327
4 0.0217721 3 445 107 534
