0 0.956323 194 95 407 297
1 0.931408 232 257 383 516
4 0.926384 287 523 371 594
4 0.550915 270 523 330 588
4 0.110867 321 521 381 588
0 0.0737661 59 117 537 532
1 0.0568119 258 419 361 523
4 0.0528346 263 536 296 582
4 0.0500746 384 235 423 291
4 0.045958 260 520 293 565
1 0.0418893 242 272 395 386
4 0.0385224 322 546 370 600
0 0.0374735 220 53 576 389
2 0.0351483 256 51 330 81
4 0.0329383 402 235 435 284
0 0.0326836 419 40 590 432
5 0.0310586 370 266 403 318
4 0.030149 258 544 307 592
0 0.0294559 62 7 466 314
1 0.0292262 354 286 428 482
4 0.0286785 0 575 45 600
4 0.0277196 270 505 312 551
3 0.0267798 245 15 348 83
4 0.0264964 278 517 355 568
1 0.0259768 286 477 370 519
5 0.0254826 383 244 419 299
4 0.0251663 366 528 398 581
4 0.0247326 236 516 271 562
4 0.0240092 212 246 252 310
5 0.0239966 10 280 102 433
1 0.0239241 244 353 338 529
4 0.0238551 267 533 317 576
4 0.0237787 334 573 396 600
0 0.0231856 438 167 578 507
0 0.0223533 0 87 332 447
4 0.0221176 198 227 236 291
1 0.021307 152 353 325 600
4 0.0211358 355 577 421 600
4 0.0211144 320 507 369 557
1 0.0209847 278 450 375 533
5 0.0205602 12 207 102 359
3 0.0203142 255 15 331 58
5 0.0203132 216 279 254 336
5 0.0200876 11 429 101 581
4 0.0199518 343 499 381 554
4 0.0198689 0 550 30 599
5 0.0198607 354 276 432 448
2 0.019465 254 64 332 97
4 0.0193905 285 549 330 600
4 0.0193435 231 577 294 600
0 0.0192725 134 259 530 585
5 0.0191771 0 490 49 600
5 0.0191323 47 280 139 436
5 0.0189481 12 134 102 282
4 0.0188446 343 557 384 600
5 0.0186709 184 145 245 203
4 0.0185739 257 500 294 544
5 0.0185232 390 276 470 438
4 0.01846 249 509 360 588
0 0.0182957 281 175 580 514
4 0.0182295 254 559 292 600
5 0.0179738 0 379 49 560
4 0.0177161 263 501 333 533
5 0.0176811 11 355 101 507
5 0.017581 426 21 512 168
1 0.0171006 258 467 323 526
5 0.0170815 426 97 512 242
5 0.0170711 426 277 512 433
4 0.0168415 380 358 423 447
5 0.0167054 462 430 554 586
1 0.0166586 32 234 386 551
4 0.0165236 216 270 251 322
5 0.016512 168 411 243 595
5 0.0165026 378 338 424 428
5 0.0162433 0 276 59 430
4 0.0162044 234 497 272 545
1 0.0161726 320 436 370 518
5 0.0160575 125 317 212 468
4 0.0160495 0 528 23 587
5 0.0158654 381 261 416 314
5 0.0158398 465 246 550 396
5 0.0157376 469 42 543 222
5 0.0156743 430 156 506 331
4 0.0156139 0 476 72 519
1 0.0155503 456 340 600 600
1 0.0155169 353 365 430 552
0 0.0155152 240 163 390 298
5 0.0154557 464 170 549 318
5 0.0152371 505 81 582 257
5 0.015232 49 429 140 587
5 0.015097 430 463 573 552
5 0.0150634 500 430 589 583
4 0.0150275 0 468 25 533
5 0.0150246 0 202 58 355
5 0.0149021 125 428 214 583
4 0.0148965 366 564 403 600
5 0.0148798 85 280 174 435
4 0.0148363 425 498 497 530
1 0.0148207 261 367 361 483
5 0.0147996 55 340 132 521
4 0.0147356 573 563 600 600
5 0.0147019 127 246 211 398
5 0.014692 49 207 138 361
5 0.0146687 393 338 466 523
5 0.0145781 50 133 138 284
4 0.0145722 456 482 496 526
5 0.0145596 394 408 470 597
5 0.0145536 415 75 524 188
5 0.0144775 489 185 600 303
0 0.0144743 202 124 302 276
1 0.0144729 228 201 330 304
5 0.0144224 450 37 562 152
