4 0.953117 282 523 355 594
0 0.891104 144 89 493 314
1 0.617711 197 244 450 503
2 0.441046 226 42 338 67
5 0.390634 229 201 588 358
4 0.288978 297 490 372 584
4 0.268603 331 467 389 532
0 0.1235 161 102 372 285
4 0.11654 323 477 379 561
0 0.104529 60 108 544 536
1 0.0731829 205 241 600 399
4 0.0681739 101 269 165 308
5 0.0668219 115 190 223 299
5 0.0628951 155 183 269 298
0 0.0560342 198 3 580 395
5 0.0557184 308 166 478 247
1 0.0555402 187 199 289 308
0 0.0508844 23 9 459 311
1 0.0497162 317 359 407 472
4 0.0469972 244 499 347 597
1 0.0425286 232 325 559 474
4 0.0392207 286 543 338 600
5 0.0390699 90 170 183 312
4 0.038456 537 217 600 305
4 0.0356168 264 461 375 562
4 0.0351807 108 290 171 318
0 0.034071 270 150 592 557
5 0.0329891 129 134 213 284
4 0.0299942 354 466 397 527
0 0.0281188 144 268 543 586
4 0.0279136 346 494 404 535
1 0.0269826 235 238 571 575
4 0.0266886 398 192 476 235
1 0.0266092 202 238 352 317
3 0.0261238 222 16 347 64
1 0.0260849 342 307 532 458
4 0.0251498 293 567 361 598
4 0.0248423 292 522 402 600
0 0.0248217 311 88 446 195
0 0.0248117 0 77 328 448
5 0.0240646 68 233 204 322
4 0.0238307 0 575 47 600
4 0.0236201 279 531 324 580
5 0.0235168 190 207 287 312
2 0.0230659 225 41 305 80
2 0.0226923 228 25 343 77
1 0.0224414 249 336 482 600
5 0.0224092 499 59 592 208
5 0.0223442 489 112 600 230
4 0.022344 198 574 278 600
5 0.0214561 338 185 452 237
4 0.0213458 300 544 366 592
0 0.0209498 255 94 463 247
4 0.0208422 344 516 381 570
4 0.0207289 128 209 204 263
1 0.0204092 160 355 342 600
1 0.0203073 229 347 396 520
4 0.01987 571 558 600 600
5 0.0198105 388 192 490 276
4 0.0196064 0 549 34 598
5 0.0195934 54 122 135 301
1 0.0192757 511 215 597 317
5 0.0191335 360 221 579 379
4 0.0188649 333 503 390 554
5 0.0188528 360 173 552 251
4 0.0186886 489 345 578 383
5 0.0186815 177 235 219 307
1 0.0185803 206 278 313 396
1 0.0185363 298 418 395 509
4 0.0184123 374 498 431 532
5 0.0179762 158 92 202 165
3 0.0178795 216 0 335 49
4 0.017691 328 458 400 509
1 0.0176349 35 235 373 563
4 0.0175393 364 0 445 24
5 0.0173695 143 95 180 159
5 0.0173552 56 415 132 597
2 0.0172233 275 57 429 164
5 0.0172064 90 236 177 384
4 0.0171745 336 454 441 559
5 0.0171408 413 103 461 187
1 0.0171165 357 385 507 473
5 0.017112 127 506 212 600
5 0.0170706 0 490 49 600
2 0.0170617 233 0 279 39
4 0.0170094 312 444 396 575
5 0.0168011 37 185 154 303
5 0.0166769 52 238 138 389
5 0.0166407 12 357 101 507
