1 0.973622 230 286 376 508
0 0.969808 205 125 421 320
4 0.916846 293 505 362 550
4 0.854584 220 492 293 546
0 0.684143 85 183 171 261
2 0.564309 261 86 333 109
5 0.160643 222 203 287 253
2 0.120155 259 74 339 102
5 0.0989051 209 174 291 257
3 0.0772859 261 54 346 89
0 0.0618297 62 122 536 530
4 0.0611643 92 291 138 325
4 0.0549162 101 271 145 321
1 0.0548387 94 263 152 319
2 0.0522391 262 97 333 139
5 0.0495543 442 287 558 411
2 0.0460084 110 169 152 184
5 0.0436799 194 204 251 261
1 0.0398941 100 253 174 292
4 0.0371155 271 511 335 546
0 0.0363024 222 54 571 387
5 0.0323025 418 264 535 383
4 0.0316138 224 463 343 548
4 0.0315666 91 273 126 318
4 0.0301475 259 494 317 541
4 0.0285165 228 480 301 526
2 0.0282583 109 162 140 181
4 0.0281085 109 289 163 326
4 0.0280912 264 458 368 555
5 0.028061 84 197 134 262
2 0.0277572 122 162 155 181
4 0.0277372 231 515 275 556
0 0.0269168 422 36 586 431
2 0.0262482 108 172 139 193
2 0.0260992 104 150 149 176
2 0.02541 101 181 146 229
4 0.0251601 528 405 587 435
4 0.0251381 73 294 119 326
5 0.0249442 181 207 217 262
4 0.0246768 456 404 539 441
4 0.0244578 403 574 488 600
5 0.0243635 159 211 196 262
4 0.0238612 293 480 368 529
2 0.0236661 283 90 332 117
4 0.0235187 299 524 364 557
4 0.0234257 328 497 383 536
4 0.0228328 0 574 45 600
2 0.0225107 257 83 315 123
0 0.0224424 202 134 302 284
4 0.0221509 43 440 137 476
4 0.0220605 2 443 69 477
4 0.02197 2 461 69 495
1 0.0218669 88 230 161 269
4 0.0218665 292 516 335 557
4 0.0218091 328 514 379 549
2 0.0216965 280 80 349 120
0 0.0216423 98 195 216 282
4 0.0208298 360 444 410 478
2 0.0206587 133 167 185 189
2 0.0202518 121 172 154 194
5 0.020079 469 81 543 259
5 0.0197726 200 137 234 198
5 0.0196651 185 213 234 254
4 0.0194689 102 309 152 340
5 0.0190911 507 81 583 258
0 0.0190022 56 7 468 320
4 0.0187041 526 384 592 422
5 0.0186279 431 43 505 218
4 0.0185478 369 576 449 600
0 0.0185097 115 199 184 266
0 0.0184675 279 181 585 511
4 0.0183884 230 489 331 578
4 0.0181736 551 405 600 438
4 0.0179708 71 278 119 308
4 0.0177514 436 385 524 420
4 0.0177275 357 462 407 492
4 0.0175956 302 489 355 539
4 0.017519 197 488 300 582
5 0.0174456 225 193 307 274
1 0.0173873 225 218 418 468
4 0.0173678 374 441 426 475
0 0.0170626 54 162 159 268
4 0.0169525 417 552 507 595
5 0.016849 56 345 134 523
4 0.0166681 493 560 536 600
5 0.0166679 448 0 565 117
4 0.0165993 0 205 25 273
2 0.0165732 86 166 134 197
4 0.0165274 247 519 288 560
5 0.0164444 92 346 171 522
5 0.0164007 180 171 216 231
4 0.0163893 541 370 599 431
5 0.0163625 164 0 247 82
5 0.0163357 196 165 238 241
4 0.0162803 356 481 406 514
5 0.0162427 71 206 104 259
4 0.0162028 440 575 522 600
4 0.0158589 0 549 34 598
5 0.0158348 207 0 280 97
5 0.0158245 84 222 128 277
4 0.0157897 459 553 541 594
