0 0.992277 156 137 416 371
5 0.978626 73 235 274 343
1 0.858229 204 387 347 528
4 0.681686 264 539 314 592
4 0.590851 218 506 297 587
1 0.381102 221 483 320 570
4 0.289192 215 537 263 593
1 0.215561 216 443 334 557
5 0.163214 381 296 434 354
5 0.123152 98 199 334 366
4 0.11733 260 506 317 580
4 0.110896 227 542 287 591
0 0.0987499 222 196 392 392
3 0.0934721 262 40 368 105
4 0.0852351 281 531 322 588
1 0.082816 207 311 353 398
2 0.0809393 276 88 349 116
0 0.0730248 59 118 535 530
4 0.0521491 335 372 396 436
1 0.0424261 205 382 318 476
4 0.0414068 206 525 241 580
0 0.0368145 173 143 277 244
1 0.0358292 207 361 352 443
4 0.0341187 209 558 262 600
4 0.0334209 231 476 320 585
4 0.0319208 225 518 330 600
4 0.0318551 0 575 43 600
1 0.031738 242 384 350 481
5 0.0309159 369 267 404 324
1 0.0308625 301 374 388 464
4 0.0305487 252 572 309 597
0 0.0302147 110 18 553 313
5 0.0299462 321 212 404 259
4 0.0294785 285 555 324 600
3 0.0282238 269 62 368 127
1 0.0269102 310 379 391 430
0 0.0265521 228 59 577 395
4 0.0264208 279 573 334 599
4 0.026373 280 484 325 559
4 0.0258011 33 575 104 600
4 0.0256833 227 572 286 598
0 0.0255536 33 46 392 371
1 0.0250451 225 475 314 522
5 0.0247589 334 223 397 278
3 0.024758 265 51 347 91
4 0.0241777 254 557 295 600
4 0.024086 193 506 265 596
5 0.023846 419 175 519 262
5 0.0232246 47 244 218 321
5 0.0226253 369 294 405 360
2 0.0225233 265 77 337 124
5 0.0219737 50 158 214 382
4 0.0213538 474 574 563 600
0 0.0212724 418 50 575 443
4 0.0211589 69 576 142 600
5 0.0211284 360 206 404 270
5 0.0203489 366 313 401 378
1 0.0202969 192 300 334 501
5 0.0201082 62 220 247 306
4 0.0199194 310 529 342 577
4 0.0196973 200 503 248 567
5 0.0194435 367 283 416 341
4 0.0193034 517 575 595 600
4 0.0190016 106 574 188 600
4 0.0189177 357 395 400 449
4 0.018889 213 482 260 571
0 0.0187791 304 133 404 234
4 0.0186905 0 561 27 600
5 0.018649 386 310 424 363
4 0.0184824 299 502 350 563
4 0.0183965 61 524 103 590
4 0.0183707 51 545 110 596
4 0.0180443 73 545 132 596
5 0.0178758 356 142 405 227
4 0.0178473 301 577 360 600
4 0.0177089 555 571 600 600
1 0.0176793 13 0 150 257
4 0.0176696 198 575 255 600
5 0.0176221 364 291 440 376
5 0.0176177 376 270 423 328
1 0.017566 237 383 337 426
4 0.0173362 19 553 89 593
5 0.0172548 56 44 131 220
5 0.0170995 0 492 50 600
4 0.017046 81 563 122 600
4 0.0170217 408 462 474 492
4 0.0169608 5 545 60 598
5 0.0167258 388 209 473 350
