0 0.781148 102 38 565 505
0 0.155845 137 4 587 314
2 0.133331 195 0 292 19
0 0.129906 106 95 381 561
1 0.0944447 215 222 591 600
2 0.0939645 213 42 411 188
0 0.0901885 274 137 600 600
0 0.072974 365 25 571 354
0 0.0678282 0 256 467 579
0 0.0632 0 35 390 358
1 0.0546229 400 462 587 600
4 0.0528217 72 574 147 600
4 0.0511416 123 550 187 600
4 0.0474463 105 574 185 600
1 0.0444144 358 350 582 600
4 0.0400632 174 576 266 600
0 0.0381083 411 15 580 204
4 0.0374932 134 574 215 600
1 0.0372825 196 408 373 594
4 0.0333016 226 576 322 600
2 0.0330039 282 33 417 159
1 0.0324165 268 491 600 600
4 0.0315063 303 577 397 600
2 0.030833 192 0 255 27
2 0.0304292 171 41 339 154
4 0.0303289 74 546 136 599
1 0.0295714 314 407 475 596
1 0.0294426 237 497 393 591
3 0.0278268 495 0 592 77
0 0.0275641 126 43 463 232
4 0.0270722 93 547 160 599
4 0.0263658 534 538 600 600
4 0.0255866 451 573 550 600
1 0.0253399 397 539 600 600
4 0.0252025 29 573 114 600
4 0.025173 357 576 451 600
5 0.0244398 546 7 596 95
1 0.0243414 161 359 530 568
2 0.0242517 234 14 395 110
1 0.0240328 230 541 403 600
4 0.0238683 267 578 357 600
1 0.0236561 47 220 196 580
1 0.0233024 294 483 414 600
0 0.0227717 56 134 201 537
5 0.0223537 325 121 367 199
4 0.0222723 0 574 48 600
5 0.0216565 306 116 351 203
4 0.0214892 0 542 67 600
0 0.021356 495 160 600 526
0 0.0212896 432 4 569 126
1 0.0210623 119 259 335 600
4 0.0203079 395 575 489 600
4 0.020269 485 572 584 600
4 0.0200952 555 574 600 600
0 0.0199242 146 297 406 598
5 0.0198217 165 419 254 588
0 0.0195144 138 30 314 183
1 0.0190045 170 499 325 594
0 0.0188365 105 194 272 591
5 0.0188258 59 80 132 270
2 0.0186918 549 0 600 49
1 0.0185523 53 423 139 587
1 0.0183939 87 416 171 585
5 0.018385 499 239 589 412
1 0.0180917 316 498 464 592
4 0.0180476 569 517 600 595
1 0.0180156 375 445 498 576
5 0.0180133 499 343 591 524
1 0.0179524 278 226 467 600
1 0.0177335 255 441 382 577
5 0.0176995 564 16 600 82
1 0.0176882 148 547 340 600
1 0.0173131 489 253 596 388
2 0.0172965 183 10 314 107
0 0.0172331 495 121 587 291
5 0.0172003 97 17 169 193
5 0.0171681 574 72 600 141
5 0.017123 57 9 129 186
1 0.0167457 479 549 600 600
0 0.0166405 392 1 496 95
5 0.0165427 535 0 599 64
2 0.0163595 403 1 478 62
2 0.0162863 421 0 501 24
5 0.0160763 91 400 167 593
5 0.0160543 128 403 206 594
2 0.0159694 231 0 296 34
5 0.0159257 88 0 171 80
4 0.015729 15 547 179 600
2 0.0155519 438 0 481 35
1 0.0153991 43 488 149 600
1 0.0153724 343 505 543 590
5 0.0153388 495 0 589 97
4 0.0153221 0 560 30 600
1 0.015204 297 550 483 600
4 0.0151363 130 529 182 591
5 0.0151003 546 39 594 131
5 0.0150337 53 378 140 555
5 0.0150274 18 43 93 218
5 0.0149149 417 432 465 524
1 0.0149034 94 396 248 590
4 0.0149 443 548 558 594
1 0.01489 111 510 201 594
5 0.0148323 455 215 564 346
4 0.0147606 489 558 542 600
5 0.0147385 51 0 135 81
5 0.0147268 0 493 50 600
5 0.0146577 399 340 445 429
5 0.0145588 492 0 600 227
5 0.0145347 573 0 600 42
4 0.0144247 572 562 600 600
5 0.0144243 572 29 600 106
4 0.0143141 81 519 128 589
4 0.0141873 16 161 63 195
2 0.0141865 318 16 465 111
1 0.0141303 476 441 598 576
5 0.013988 469 326 548 537
5 0.0139646 544 370 600 559
4 0.0139633 1 524 102 600
1 0.0138999 491 325 597 467
0 0.0138855 501 0 588 83
1 0.013816 99 141 488 583
