1 0.988696 103 302 186 414
0 0.933527 357 181 539 496
0 0.908887 81 114 185 342
1 0.894139 379 425 512 600
3 0.661081 427 40 523 98
3 0.615034 121 35 182 85
4 0.589226 138 504 174 557
2 0.555327 445 92 521 125
4 0.47455 124 527 154 572
4 0.423128 129 517 161 565
4 0.311449 114 532 138 570
2 0.216874 430 69 521 128
2 0.154977 435 85 517 149
4 0.122221 142 492 172 534
4 0.105725 114 512 137 550
2 0.10311 134 64 180 102
1 0.0829818 361 327 494 591
3 0.0817887 404 49 542 116
1 0.0725924 109 413 173 510
3 0.0693449 387 19 527 101
1 0.0663874 408 489 514 600
0 0.0629782 71 129 540 532
4 0.0596088 130 486 158 529
3 0.0554201 442 57 525 109
4 0.0480313 123 551 155 592
1 0.0453195 449 440 536 593
4 0.044682 107 421 144 483
0 0.0384018 164 128 235 305
1 0.0376472 360 423 449 581
4 0.0372719 136 443 175 508
4 0.0369647 111 539 146 585
4 0.0364508 113 479 139 527
0 0.0353092 396 130 590 554
0 0.0352373 167 43 548 407
2 0.0350546 127 38 180 89
4 0.0348455 136 416 176 486
2 0.0334379 446 107 504 165
4 0.0333835 148 514 187 550
1 0.03338 102 321 151 416
4 0.0330555 150 502 192 536
1 0.0328081 106 351 181 410
4 0.0298813 121 502 171 577
5 0.0293681 415 459 464 532
4 0.0293475 111 496 145 548
0 0.0290734 114 36 181 114
3 0.0285479 415 72 522 163
4 0.0280659 0 575 44 600
4 0.027924 108 554 141 594
0 0.0278046 237 223 559 560
1 0.0264556 82 230 172 332
4 0.0255017 137 527 173 563
4 0.0253603 101 525 123 557
4 0.025185 109 440 144 509
2 0.0250901 465 69 518 113
4 0.0250254 124 444 161 510
4 0.0249308 123 520 151 554
4 0.0240201 122 504 154 535
4 0.0238581 280 575 349 600
3 0.0234696 435 33 514 78
4 0.0233256 338 577 404 600
5 0.0232783 123 36 175 84
0 0.0227846 94 91 240 312
2 0.0224854 128 12 157 38
4 0.0224297 96 506 120 542
1 0.0221685 92 286 167 331
0 0.0221304 21 118 92 301
3 0.0208317 85 18 198 92
4 0.0203491 143 564 173 600
5 0.0203265 320 382 392 573
5 0.0201041 360 345 434 550
5 0.0197953 382 449 429 541
2 0.0196295 127 41 165 69
1 0.0194357 110 385 178 418
4 0.0193829 260 565 319 600
5 0.019298 395 438 480 544
0 0.0191454 56 0 179 303
5 0.0190903 0 491 50 600
5 0.0190235 90 333 121 404
2 0.0189191 444 5 475 37
1 0.01889 83 252 123 335
1 0.0185333 409 404 523 553
1 0.0179799 389 305 534 536
5 0.0179637 492 260 538 363
5 0.0179289 491 223 535 323
