0 0.98943 129 128 358 465
3 0.754762 501 0 595 47
3 0.736523 208 2 309 59
0 0.722741 499 209 593 306
4 0.608944 506 480 588 585
5 0.563537 83 414 232 566
3 0.524513 499 136 586 186
4 0.348967 503 522 578 588
4 0.285207 337 335 391 405
5 0.238804 493 333 597 430
4 0.222577 541 463 595 571
0 0.213689 491 340 598 451
4 0.172373 232 534 297 599
2 0.165307 514 30 584 58
0 0.157959 490 91 600 182
0 0.156494 503 57 592 143
0 0.127128 499 246 597 330
3 0.114382 181 15 324 80
1 0.113758 502 415 597 464
3 0.109077 505 156 577 189
1 0.108876 518 455 588 562
1 0.0985587 157 291 328 469
1 0.0941906 173 366 309 480
1 0.0923528 512 438 596 478
0 0.0853734 55 116 532 531
1 0.0789118 507 286 600 333
1 0.0756062 168 525 270 600
0 0.072873 514 200 587 272
2 0.0666588 210 49 302 80
5 0.0593182 546 366 594 434
2 0.0570379 215 66 294 98
4 0.0544888 197 517 301 597
3 0.0524845 524 150 592 203
4 0.0521084 564 466 600 543
3 0.0513492 497 9 564 56
5 0.0509008 493 346 547 419
4 0.050585 323 322 377 384
4 0.0503926 513 468 565 562
2 0.0498011 503 163 557 190
2 0.0482589 216 80 286 129
3 0.0447465 221 24 326 67
3 0.0439133 525 0 600 32
2 0.0431755 519 46 583 85
1 0.0416782 493 271 591 348
0 0.0407142 0 150 333 532
0 0.0407013 80 21 462 308
4 0.0381782 168 514 265 593
5 0.0379439 91 404 183 500
5 0.037562 59 421 155 577
1 0.037479 493 310 592 406
0 0.037435 155 239 335 453
2 0.0367631 514 176 568 218
5 0.0349081 314 334 387 421
0 0.033875 529 221 597 291
4 0.0332153 483 462 568 593
4 0.0316072 509 546 561 600
1 0.031396 127 351 318 600
5 0.0298011 92 425 180 600
1 0.0296481 518 455 594 503
1 0.0285326 507 302 597 347
4 0.0282005 244 507 295 573
2 0.0275932 521 191 581 249
5 0.0273322 285 99 334 183
5 0.0272848 52 375 197 600
