0 0.993687 312 120 576 463
1 0.921602 368 432 476 590
1 0.916195 65 374 245 599
2 0.909469 375 83 462 119
5 0.709195 447 474 592 591
0 0.691359 73 104 275 447
2 0.334765 120 78 209 126
1 0.233442 391 445 539 589
0 0.159219 354 283 518 473
1 0.146451 52 154 140 433
0 0.116805 59 108 539 538
0 0.11629 40 104 206 397
2 0.112113 128 66 213 112
5 0.0925307 26 75 125 221
5 0.0780757 40 348 93 419
0 0.0773907 278 133 487 543
4 0.0771353 394 546 456 598
2 0.0699661 390 98 454 133
4 0.0696281 387 573 464 600
3 0.0682625 26 86 168 223
2 0.0658919 378 62 472 115
1 0.0618702 76 274 272 555
3 0.0616662 84 5 198 85
5 0.0587254 124 145 210 250
4 0.0565793 0 576 42 600
3 0.053403 27 50 163 173
2 0.0516324 126 94 196 147
0 0.0512104 26 34 387 363
0 0.0500598 163 128 314 439
0 0.0485443 244 37 585 375
5 0.0449898 367 282 469 345
0 0.0441251 161 134 251 382
2 0.0425518 93 88 227 198
5 0.0408385 345 357 437 465
5 0.0400706 34 362 66 418
4 0.0383434 428 574 497 600
1 0.0383343 241 247 314 444
0 0.0381583 34 85 170 255
4 0.0379548 121 579 201 600
5 0.0377421 45 313 120 419
3 0.0375226 369 3 482 80
5 0.0362085 119 150 168 241
0 0.0357714 245 219 586 583
4 0.0350552 378 492 471 599
4 0.034269 461 571 545 600
5 0.0333066 0 75 53 259
0 0.0331079 7 171 316 563
5 0.0325667 51 110 141 227
3 0.0323462 101 6 188 56
5 0.0322949 28 376 72 429
4 0.0319861 384 519 429 591
4 0.0312657 376 567 437 600
5 0.0311003 10 376 46 431
5 0.0307016 153 326 230 422
5 0.0300988 21 385 59 422
1 0.0299306 132 361 228 482
5 0.0295591 484 466 600 559
4 0.029379 412 519 461 589
4 0.0286608 157 578 239 600
2 0.0285157 102 65 198 140
4 0.0281852 93 578 164 600
4 0.027859 0 560 27 600
4 0.0277302 13 572 95 600
1 0.0270084 209 244 288 442
4 0.026229 30 554 110 594
1 0.0254452 386 358 483 521
4 0.0252323 45 573 125 600
5 0.0250709 22 98 72 197
1 0.0239806 83 460 401 595
3 0.0238716 33 14 157 113
4 0.0238501 412 557 463 600
1 0.023809 166 180 248 412
2 0.0235218 87 55 168 115
4 0.0232403 556 574 600 600
0 0.0232118 70 104 256 281
