0 0.98117 154 89 436 343
4 0.892514 273 539 340 595
4 0.84546 245 467 297 522
5 0.737293 123 165 220 275
3 0.525931 265 5 382 52
5 0.490781 8 171 126 315
2 0.453378 269 39 369 66
1 0.40681 205 275 373 363
4 0.374077 0 400 27 445
0 0.329833 497 24 596 274
1 0.286655 536 276 598 516
5 0.164369 402 137 439 197
1 0.157425 0 293 50 392
5 0.15124 143 148 251 291
1 0.144552 32 202 131 310
5 0.143425 29 154 118 239
5 0.140292 3 230 103 311
4 0.136733 563 502 594 547
5 0.10031 79 161 185 272
0 0.0990923 1 144 129 302
5 0.0988525 1 250 59 315
1 0.0970732 189 166 390 351
3 0.0880761 246 19 393 81
5 0.0701097 0 169 72 316
5 0.0696701 379 125 436 198
1 0.0675171 14 217 144 373
0 0.0640806 61 118 536 527
5 0.0588839 379 144 428 224
0 0.057736 500 91 600 407
4 0.0569692 251 442 294 498
4 0.0528833 0 391 30 426
4 0.0527109 559 472 593 535
4 0.0486658 401 223 426 244
1 0.0471687 239 325 348 371
4 0.0470034 415 224 441 241
5 0.045378 45 113 126 280
4 0.0444429 249 441 315 524
4 0.0427878 262 458 305 519
1 0.0420022 380 163 425 224
4 0.0411282 285 518 334 580
5 0.0407084 158 119 271 246
2 0.0399353 287 43 379 77
4 0.038916 267 494 357 595
1 0.0387862 498 72 588 305
1 0.0386338 477 294 545 491
1 0.0379187 61 217 134 291
3 0.0376242 274 28 383 65
5 0.0366593 22 108 189 287
5 0.0364943 136 185 197 272
0 0.0364898 101 22 551 312
4 0.0354506 572 519 600 569
1 0.0350319 508 191 600 504
2 0.0340561 261 27 381 83
5 0.0335412 0 232 61 387
4 0.0334447 0 289 48 389
5 0.032491 40 158 109 211
0 0.0324561 424 50 580 390
5 0.0322415 41 167 94 251
1 0.0320989 0 224 58 395
5 0.0314321 392 235 416 267
4 0.0312427 0 367 28 417
5 0.030571 413 138 466 186
4 0.0305623 546 484 572 525
5 0.0305285 47 183 122 243
5 0.0302622 397 120 445 177
4 0.0293318 1 380 44 433
4 0.029265 288 486 331 556
4 0.0283776 548 502 573 536
4 0.027927 0 432 24 481
4 0.0277924 555 504 588 532
5 0.0275778 3 165 50 244
1 0.0270118 46 196 125 272
5 0.0267216 389 249 416 294
1 0.0264287 524 357 594 542
