0 0.904362 278 88 466 311
4 0.858216 337 500 396 577
4 0.85176 14 532 64 583
0 0.754752 131 305 243 385
1 0.672776 122 370 251 496
2 0.616918 321 39 401 64
1 0.588957 285 198 445 340
4 0.478119 169 540 225 578
2 0.347291 153 279 236 304
0 0.31418 76 111 157 193
5 0.272381 217 271 297 342
1 0.250667 0 363 67 475
2 0.227916 3 295 41 314
1 0.220041 73 181 158 293
5 0.210162 436 226 488 310
0 0.168716 1 316 54 372
4 0.168434 436 151 481 204
4 0.159563 158 543 210 587
4 0.150627 164 529 200 569
4 0.128614 175 523 217 568
5 0.117614 234 295 298 351
3 0.0997812 312 13 415 52
4 0.0951922 310 491 409 590
1 0.0910676 52 200 140 337
4 0.0843759 3 554 42 587
2 0.0834334 142 288 234 314
1 0.078806 1 425 61 481
0 0.074275 23 121 73 161
1 0.0730394 163 480 225 550
4 0.0704882 249 553 338 591
5 0.0702565 415 265 493 348
0 0.0687659 105 340 261 473
5 0.0683606 400 230 482 324
4 0.064502 192 526 229 569
1 0.0625292 285 268 440 346
3 0.0585989 3 283 52 306
2 0.0570089 0 283 43 303
5 0.0559978 425 215 507 342
0 0.0548217 2 326 89 475
2 0.0545585 316 43 395 78
4 0.0540376 325 448 401 563
4 0.0524632 345 533 389 581
4 0.0505558 233 574 321 600
0 0.0477651 67 130 536 528
4 0.0464751 9 539 48 573
1 0.0459221 0 443 49 477
4 0.045634 75 298 118 322
4 0.0453105 560 348 592 418
4 0.0450739 152 529 180 563
4 0.0435526 285 407 323 431
5 0.0428662 419 290 466 352
2 0.0427787 34 93 58 110
4 0.042582 5 543 29 583
2 0.0420449 3 302 47 352
4 0.0413345 2 556 28 597
4 0.0405396 330 484 380 563
0 0.0396704 130 22 528 315
4 0.0396091 151 534 193 577
0 0.0392067 20 130 77 181
4 0.0391668 533 411 586 436
0 0.0383559 99 302 264 412
0 0.0377904 128 382 245 487
4 0.0371051 24 526 82 579
4 0.0366501 352 488 399 559
1 0.0364504 4 342 54 439
5 0.0361377 421 145 476 209
0 0.0348139 14 133 49 184
2 0.0344475 342 40 409 84
1 0.0337964 0 412 44 472
4 0.0328987 554 412 596 435
5 0.03259 423 221 472 298
5 0.032512 419 249 470 333
4 0.0320627 21 546 67 600
4 0.0320254 342 469 388 550
4 0.0315542 165 504 225 568
4 0.0314598 173 552 217 598
4 0.0311763 560 380 589 427
1 0.0305105 0 461 44 493
0 0.0299622 363 96 466 195
2 0.0299309 14 296 56 316
5 0.0296353 445 257 502 313
1 0.0295832 147 389 289 475
