1 0.982952 242 371 480 590
5 0.982122 84 444 243 600
0 0.952063 161 107 542 432
1 0.799801 335 378 590 586
3 0.333704 229 18 410 74
2 0.306037 454 108 534 136
0 0.16676 313 138 557 399
3 0.126689 257 15 377 59
5 0.0911479 264 164 325 226
0 0.0702611 139 9 559 311
5 0.0612804 428 391 491 454
2 0.059902 260 50 378 81
0 0.0593761 272 166 600 571
2 0.0585823 227 84 423 184
1 0.0572876 263 365 568 498
3 0.056888 419 52 535 116
5 0.0549861 52 378 208 600
5 0.0546595 248 198 340 308
1 0.0531005 463 404 589 554
5 0.0520102 251 158 337 271
4 0.0505603 501 492 597 600
4 0.0493222 18 559 77 591
1 0.0472718 174 392 404 597
1 0.0464344 480 380 573 426
3 0.0460264 209 0 393 58
4 0.0420751 5 552 58 594
1 0.0412688 476 368 560 407
5 0.037653 120 442 220 543
1 0.035861 543 185 600 374
4 0.0341664 0 576 44 600
4 0.0339889 17 576 84 600
0 0.0337268 508 164 591 361
5 0.0335568 52 436 153 588
4 0.0328347 83 576 168 600
1 0.0313737 511 366 588 408
1 0.0306974 419 354 573 425
5 0.0293694 399 393 490 487
1 0.0292204 130 222 213 404
1 0.0287002 547 323 593 397
0 0.0283848 137 181 273 403
4 0.0282495 36 548 90 596
4 0.0281323 490 548 600 600
0 0.0280908 156 275 526 578
1 0.0270281 123 367 190 415
3 0.0265864 309 25 397 64
0 0.0264263 20 48 391 367
4 0.025861 59 577 127 600
4 0.025188 324 575 408 600
4 0.0250298 0 560 41 589
5 0.0248638 90 451 185 557
5 0.0243489 417 406 465 479
3 0.0242101 245 25 331 67
4 0.0239235 515 572 594 600
0 0.0237974 442 123 562 225
5 0.0236988 541 169 600 336
5 0.0235631 572 390 600 458
5 0.0235201 259 217 327 291
5 0.0226843 548 315 598 386
2 0.0224391 198 113 388 216
0 0.0219578 412 160 579 376
4 0.0218711 280 576 352 600
1 0.0218676 433 362 518 406
2 0.0216323 461 115 534 157
5 0.0214436 97 189 169 383
2 0.0213062 278 106 427 233
0 0.0210542 212 185 373 400
4 0.0208795 59 546 115 598
4 0.0207409 135 574 223 600
1 0.020679 441 402 570 492
1 0.0205482 264 377 389 487
1 0.0203152 506 218 590 386
1 0.0201235 419 318 577 395
2 0.0200492 316 82 447 188
5 0.0193979 397 407 445 481
1 0.0193064 556 364 600 407
4 0.0191809 358 535 406 600
5 0.0190578 138 155 214 365
2 0.018715 264 64 366 96
1 0.0187057 133 382 201 424
4 0.0186434 202 575 273 600
0 0.0186017 486 155 592 279
5 0.0184712 432 0 506 101
5 0.0183414 276 171 328 257
