5 0.983369 443 288 582 397
0 0.880156 159 113 291 360
5 0.720917 163 337 252 402
4 0.697994 450 492 503 543
4 0.59046 265 494 314 574
0 0.53025 458 71 597 214
4 0.365949 255 509 299 576
0 0.35158 426 91 576 384
4 0.342003 524 455 587 546
4 0.317573 518 512 566 558
4 0.304789 214 524 248 565
1 0.225883 462 415 558 523
4 0.193385 207 534 235 571
4 0.182092 246 482 304 554
1 0.169125 169 233 256 380
1 0.147178 167 315 260 407
4 0.111716 525 492 572 553
4 0.109558 495 449 574 542
4 0.105826 216 496 254 554
4 0.105826 235 504 282 561
4 0.100244 286 509 319 560
4 0.0904291 265 532 309 575
4 0.0868745 549 454 592 532
5 0.0867153 534 121 595 192
5 0.0860614 495 90 595 194
4 0.0792488 456 527 493 561
4 0.0747386 449 462 521 540
0 0.0741263 170 121 285 254
2 0.0730165 187 74 235 101
4 0.0685817 227 484 286 548
5 0.0635827 547 454 591 523
4 0.0598921 574 474 600 529
0 0.0558752 59 124 534 528
4 0.0531781 245 535 282 569
4 0.0525041 205 503 236 554
4 0.0499334 514 519 553 551
4 0.0476211 447 508 484 551
0 0.046887 469 45 597 330
2 0.0466801 482 259 524 285
4 0.0435538 465 438 555 557
4 0.0433116 257 535 292 576
5 0.0420502 221 336 270 396
1 0.0402614 175 183 279 361
1 0.0387034 199 398 285 501
0 0.0373302 453 96 547 209
2 0.0367264 497 261 542 287
5 0.0365107 10 0 90 32
4 0.036233 270 554 308 599
4 0.0358852 448 491 482 532
3 0.0353835 186 46 241 93
4 0.0353055 239 530 270 567
5 0.0349906 206 321 253 395
5 0.0348663 446 124 481 202
4 0.0343211 509 519 535 551
4 0.0329692 280 536 322 569
5 0.0323122 164 341 209 405
5 0.0320926 234 319 267 382
3 0.0308981 186 33 245 76
0 0.0305903 498 59 596 172
2 0.0283734 202 86 231 109
0 0.0280313 161 235 256 361
4 0.0279913 448 528 480 564
2 0.027897 193 56 237 90
2 0.0278473 177 80 229 117
4 0.0273534 467 485 512 536
3 0.0273468 440 0 581 55
4 0.0267551 505 496 533 537
0 0.0267283 228 68 569 383
5 0.0267237 454 110 498 206
4 0.026429 475 508 510 545
5 0.026421 442 246 568 346
5 0.0260225 432 103 471 135
2 0.0254897 192 85 238 114
5 0.0250053 63 0 106 35
2 0.0247252 198 104 235 139
4 0.0244741 256 556 291 600
