0 0.997176 404 103 600 283
0 0.994788 3 92 190 291
1 0.991742 216 278 393 543
1 0.984741 418 302 600 547
1 0.980722 5 289 175 531
0 0.965535 196 92 401 285
4 0.94547 235 552 312 590
4 0.931557 333 499 389 573
4 0.918521 504 501 568 566
4 0.849176 47 527 105 596
3 0.837639 447 11 548 60
4 0.715834 421 553 483 594
2 0.699908 75 45 156 69
3 0.664082 44 6 172 53
2 0.641818 260 43 343 66
2 0.3371 58 33 169 66
5 0.316827 540 185 600 239
4 0.17002 199 516 248 565
1 0.129257 16 357 107 538
1 0.119295 508 428 595 524
1 0.107079 247 296 504 542
4 0.10292 81 447 115 511
4 0.0787353 73 523 114 582
2 0.0723244 458 50 536 77
4 0.0652064 207 530 267 569
5 0.0632836 525 154 600 241
0 0.0620358 292 96 547 282
5 0.0599294 0 177 96 296
3 0.058006 39 16 162 79
4 0.057817 236 568 311 595
1 0.0543438 26 432 105 543
0 0.0529027 59 124 533 527
1 0.0528786 450 379 579 528
4 0.0467882 227 542 301 580
4 0.0465155 415 569 482 599
5 0.0464539 77 448 120 513
2 0.0437737 255 33 355 80
4 0.0434667 337 531 387 585
0 0.0398814 490 96 596 191
0 0.0392694 59 95 281 293
0 0.038874 455 118 566 207
4 0.037952 498 526 558 569
