0 0.996008 372 101 591 323
1 0.994744 394 292 553 518
1 0.975903 63 304 199 527
4 0.950083 492 485 547 540
1 0.938798 34 218 236 475
2 0.873007 405 46 498 76
0 0.872743 280 116 382 209
4 0.837402 356 538 436 594
0 0.811198 16 146 255 412
4 0.619433 86 525 136 591
1 0.497866 303 207 371 320
4 0.448093 195 456 235 511
4 0.387816 555 383 595 426
0 0.304249 94 102 234 217
1 0.198662 142 380 226 467
4 0.185077 331 320 356 343
4 0.149914 349 316 387 346
1 0.138569 65 329 142 520
4 0.136483 338 320 369 344
0 0.132618 125 82 229 171
4 0.124179 321 315 344 345
0 0.118533 2 117 97 228
2 0.0954177 11 109 38 125
4 0.0952376 197 472 236 535
5 0.0848756 214 99 263 151
2 0.0812857 12 104 38 117
1 0.0810333 291 193 372 235
5 0.0757943 281 141 354 213
5 0.0737859 190 92 234 164
4 0.0662159 249 549 331 594
0 0.0629353 8 121 53 203
2 0.0584317 150 49 212 78
1 0.0580582 383 307 483 527
0 0.0546751 58 125 530 527
1 0.0532232 286 173 372 217
5 0.0530093 279 147 313 214
4 0.0514202 349 290 392 339
5 0.0511642 235 108 267 161
5 0.0508795 211 168 249 227
5 0.0501919 222 114 254 167
1 0.0499448 314 250 351 320
5 0.0496335 192 163 244 235
4 0.0494316 360 298 398 346
3 0.0485484 401 27 504 78
4 0.0466967 198 495 235 556
4 0.0452644 509 460 550 517
0 0.0443259 65 116 246 331
5 0.0427903 27 284 111 396
5 0.0424653 37 340 103 390
1 0.0423916 383 426 429 533
4 0.0416408 81 558 131 600
4 0.040172 556 372 598 410
4 0.0389904 389 532 437 588
1 0.0387885 446 302 581 479
5 0.0385595 260 141 282 186
4 0.0378296 510 425 550 491
2 0.0377974 408 57 487 96
0 0.0375006 38 117 163 223
0 0.0368768 377 121 514 294
2 0.0359257 22 109 65 131
1 0.0354678 365 328 441 538
5 0.0348431 12 198 46 247
4 0.0347581 490 496 527 541
0 0.0339509 295 115 379 170
5 0.0339298 355 304 398 351
5 0.0338528 409 137 525 237
1 0.0331711 545 301 600 480
4 0.0328586 514 494 565 534
