0 0.936549 385 89 499 308
1 0.930173 388 295 502 435
1 0.858269 96 327 196 451
0 0.808407 86 100 208 334
2 0.531685 412 30 463 63
2 0.528595 123 37 172 62
1 0.187601 401 362 473 581
3 0.158992 409 14 466 56
3 0.123129 129 17 180 59
2 0.0753173 415 40 465 82
1 0.0666608 422 394 498 592
4 0.0626915 403 581 455 600
2 0.0614705 125 45 169 78
0 0.0520828 103 90 202 213
0 0.0501488 63 128 533 527
2 0.048966 128 16 162 43
4 0.0479304 64 573 148 600
2 0.0478957 140 15 175 42
4 0.0467653 422 581 474 600
0 0.0448418 368 110 457 300
4 0.0445524 425 556 456 598
1 0.0432983 360 293 495 526
4 0.0424011 147 577 216 600
1 0.0401733 422 318 495 527
4 0.0394389 458 551 494 599
2 0.0385127 408 12 473 72
1 0.0384593 367 369 437 575
5 0.0380481 155 126 199 221
2 0.0380215 133 25 178 56
2 0.0377718 421 58 462 103
2 0.0358605 410 11 444 40
4 0.0355511 438 548 487 595
2 0.0354794 419 10 460 41
4 0.0347608 0 577 47 600
0 0.0344951 67 105 145 315
4 0.0340397 410 552 440 597
1 0.0334079 403 454 484 568
1 0.033267 467 368 537 564
4 0.032899 421 524 458 588
5 0.0317619 171 137 213 219
0 0.0312631 377 92 489 215
2 0.0307838 140 51 174 87
1 0.0305133 134 337 240 452
4 0.0304912 10 575 91 600
3 0.0302918 415 4 461 38
1 0.0294593 368 288 451 434
1 0.0290738 99 354 169 556
4 0.0287135 408 521 443 586
1 0.028231 403 396 481 493
5 0.0280846 175 176 214 264
4 0.0274669 442 527 478 583
4 0.0266555 439 569 485 600
2 0.0259257 135 4 181 39
4 0.0257014 182 576 255 600
2 0.0254176 139 66 177 108
4 0.0251012 104 575 179 600
5 0.0246337 144 478 181 556
5 0.0244595 14 427 102 583
4 0.024438 260 580 327 600
4 0.0243362 448 579 512 600
5 0.0242681 168 107 213 192
0 0.0240096 208 117 278 298
4 0.0239576 458 525 494 588
1 0.0238571 128 420 196 460
0 0.0238256 320 117 391 298
1 0.0231951 412 400 476 440
4 0.0231882 219 576 289 600
1 0.0230755 71 325 149 462
1 0.0224772 94 252 180 393
0 0.0224341 253 402 292 482
1 0.0223972 411 277 555 438
5 0.0220479 87 216 123 298
4 0.0220308 403 410 442 482
4 0.0219199 67 553 146 593
2 0.0218653 109 3 140 36
4 0.0217592 282 579 349 600
5 0.0217411 232 500 275 574
5 0.0214472 0 489 49 600
4 0.021236 355 578 425 600
4 0.0211406 571 562 600 600
5 0.0211101 8 452 48 543
0 0.0210977 158 112 230 314
1 0.0210827 110 330 173 421
5 0.0210002 208 187 279 362
3 0.0209531 400 0 475 45
0 0.0209449 157 462 202 569
4 0.0208982 447 557 508 591
0 0.020787 114 18 517 319
4 0.0207599 555 575 600 600
0 0.020679 232 69 565 375
5 0.0206743 117 493 161 572
4 0.0205975 409 560 454 590
2 0.0203899 128 65 162 102
0 0.0202262 462 111 532 295
4 0.0199905 572 521 600 589
5 0.0199598 506 156 581 328
2 0.0197698 439 10 472 42
