1 0.986247 221 302 388 524
0 0.981482 161 123 484 313
4 0.962938 243 526 322 584
2 0.940966 259 63 353 97
1 0.851366 92 275 179 433
4 0.759374 346 437 404 521
0 0.681912 89 186 201 308
4 0.494254 107 424 175 457
5 0.322138 368 166 497 292
1 0.21816 113 306 216 439
1 0.179221 59 284 137 439
5 0.123383 93 188 162 247
5 0.0947634 132 214 188 283
4 0.0878777 111 400 173 452
4 0.0738076 43 318 128 429
0 0.0728315 64 115 540 530
4 0.0724532 27 272 107 426
4 0.0706718 114 435 172 466
5 0.0705499 380 228 443 281
4 0.0702744 350 476 386 525
0 0.0626471 123 23 553 318
1 0.0603291 398 173 498 276
5 0.057151 369 279 431 348
1 0.0537634 246 425 330 532
4 0.0527214 44 375 122 425
5 0.052365 58 301 135 425
1 0.0460107 114 329 169 443
4 0.0459427 266 513 329 566
0 0.0424296 105 164 330 322
5 0.0416967 176 297 237 369
2 0.0411698 244 86 384 184
5 0.0409808 387 248 465 280
5 0.0406829 370 209 456 289
1 0.0398093 212 243 446 489
4 0.039258 108 413 148 454
4 0.0381864 93 427 144 457
1 0.0379709 147 286 236 429
4 0.0376991 191 352 235 425
0 0.0371588 257 94 600 467
1 0.0369937 250 337 461 599
4 0.0352246 581 271 600 309
4 0.0346165 579 285 600 328
2 0.0342288 268 78 338 116
2 0.0341104 242 59 378 115
0 0.034103 43 169 207 363
5 0.0339992 87 187 181 277
2 0.0337784 131 165 190 189
4 0.0335534 579 254 600 296
4 0.0334952 334 453 375 510
0 0.0326174 134 195 212 294
4 0.0325895 554 261 583 280
1 0.0324091 173 194 254 306
4 0.0323754 248 551 295 600
4 0.0322116 561 240 586 277
5 0.0320444 12 208 92 375
1 0.031928 19 244 100 416
4 0.0309346 41 339 98 420
5 0.0308847 153 312 239 418
4 0.0307279 54 399 121 434
4 0.0305492 566 253 587 285
2 0.0294064 133 147 193 182
4 0.0293015 26 356 120 438
5 0.0289625 89 191 124 251
0 0.0284282 59 179 145 322
0 0.02818 32 54 388 373
1 0.0279065 50 246 198 432
1 0.0274981 277 414 378 502
5 0.0274908 77 293 132 376
4 0.0271793 355 448 433 529
1 0.0271649 109 295 166 407
1 0.0269424 221 279 398 360
5 0.0266587 356 169 446 344
1 0.0264107 85 262 165 375
1 0.0262592 351 280 432 368
5 0.0262244 208 277 256 354
4 0.0259871 244 505 358 581
