4 0.985269 254 497 322 590
1 0.985089 220 282 400 512
0 0.972205 175 92 433 326
4 0.930735 334 506 421 582
5 0.40796 342 250 425 333
1 0.128825 121 220 190 320
1 0.0981733 363 178 450 298
2 0.0969787 243 49 315 78
4 0.0964858 345 537 422 580
5 0.0862577 351 164 444 316
0 0.0659808 60 116 536 529
4 0.0564134 236 473 326 566
3 0.0535025 224 16 326 81
4 0.0526046 210 485 312 593
1 0.0499136 122 242 162 320
0 0.0450809 116 20 555 317
4 0.0439335 265 495 370 585
4 0.0383665 333 496 390 569
4 0.0383464 267 548 315 600
1 0.0346104 217 278 409 366
4 0.0344162 312 505 343 565
5 0.0338963 488 66 599 187
4 0.0336485 112 314 157 344
4 0.0334598 157 332 197 359
4 0.0331679 124 280 158 334
4 0.0320886 278 529 324 583
4 0.0308342 132 314 171 342
5 0.0304435 382 192 456 296
3 0.0300427 236 9 311 58
4 0.0296766 284 554 329 600
5 0.0290925 129 171 188 222
5 0.0289785 422 11 586 174
4 0.0271396 277 494 325 564
5 0.026575 354 241 435 382
0 0.0259329 254 87 600 455
4 0.0258943 340 448 416 561
5 0.0254836 396 228 449 299
2 0.0254516 252 59 324 105
0 0.0238434 37 50 384 372
4 0.0233962 455 575 546 600
0 0.0232785 415 29 585 423
1 0.0231606 344 149 430 283
4 0.0223178 360 555 408 600
4 0.0220816 152 348 195 377
0 0.0220007 348 117 440 308
1 0.0217508 209 311 307 429
4 0.0217188 313 479 346 532
1 0.0215713 172 201 219 308
4 0.0210242 1 547 56 598
5 0.0210025 441 83 580 176
5 0.0209856 478 5 598 117
5 0.020845 294 225 416 333
4 0.0205062 381 521 443 583
5 0.0204063 327 252 380 327
4 0.0203699 0 575 44 600
1 0.0203613 247 292 367 384
4 0.0195661 575 302 600 362
4 0.0194706 300 576 365 600
4 0.0194435 128 292 171 328
4 0.0193966 427 293 482 325
4 0.0192755 421 575 507 600
5 0.019251 190 212 286 328
1 0.0191792 159 361 330 600
4 0.0190754 352 505 475 586
1 0.0190534 141 216 214 322
4 0.0189706 379 561 422 600
4 0.0188649 238 504 278 562
5 0.0187665 116 160 171 231
4 0.018683 48 545 122 599
2 0.0186547 234 32 320 70
4 0.0186066 165 317 198 355
5 0.0185722 372 221 470 327
4 0.0184965 515 575 597 600
4 0.0183583 0 528 23 587
4 0.0180803 129 331 174 360
5 0.0180455 89 22 174 168
4 0.0179658 154 315 195 345
5 0.0179359 133 88 205 261
4 0.0179328 146 289 177 336
4 0.0176669 144 337 177 379
5 0.017665 51 21 136 169
5 0.0176508 132 0 206 101
4 0.017429 14 543 81 600
5 0.0174219 88 0 174 83
5 0.0173975 208 228 259 317
5 0.0173729 208 0 282 102
4 0.0173103 139 252 177 318
4 0.0171787 284 477 326 536
4 0.0171442 576 325 600 377
5 0.0170773 170 0 244 102
4 0.0168762 45 573 132 600
4 0.0167371 236 496 306 540
4 0.0167252 201 576 277 600
