0 0.997696 197 132 444 385
4 0.922385 297 542 352 598
1 0.814585 260 295 392 552
4 0.379293 0 467 118 591
0 0.144806 228 192 423 465
4 0.118548 304 518 359 565
0 0.0867667 59 114 539 534
2 0.0493062 299 93 360 117
4 0.0481482 500 550 569 594
4 0.0467962 314 531 358 583
0 0.0436154 231 43 582 387
4 0.038806 268 528 323 582
0 0.0351317 42 13 467 318
5 0.0348478 4 447 112 540
1 0.0342608 259 354 464 600
4 0.0336549 267 510 321 564
4 0.0326535 307 500 353 552
1 0.0325962 282 308 368 437
1 0.032353 289 447 371 544
3 0.0310745 287 66 362 102
4 0.0309872 0 427 117 545
4 0.0305703 408 575 484 600
4 0.0297644 552 572 600 600
0 0.0292729 0 78 325 457
4 0.0283226 284 551 334 589
4 0.0273851 569 556 600 600
4 0.0271984 245 509 303 565
0 0.0271168 275 182 592 539
5 0.0265419 0 429 122 600
1 0.0264478 275 367 368 566
4 0.0250454 255 532 308 575
5 0.0249662 2 397 203 592
4 0.0246112 287 565 347 598
4 0.0234757 501 531 565 582
4 0.0234573 331 517 384 550
4 0.0219572 573 524 600 582
1 0.021722 151 376 342 600
4 0.0213922 500 572 578 600
1 0.0212291 346 331 423 533
4 0.021199 268 529 372 600
5 0.0210346 167 377 243 557
3 0.0209897 1 442 108 529
4 0.0208215 546 551 600 597
1 0.0208017 6 0 153 265
5 0.0207493 469 81 542 259
3 0.0207393 9 441 97 485
5 0.0206342 238 331 302 392
4 0.0206297 278 500 329 536
0 0.0206017 85 275 493 591
0 0.0204922 404 27 576 453
2 0.0201238 299 98 362 140
4 0.0199681 294 525 334 573
4 0.0196244 321 552 363 600
5 0.0195885 170 195 244 375
5 0.0192378 131 81 205 258
0 0.0190026 15 28 166 418
5 0.0188706 124 432 213 577
5 0.0188667 227 291 315 392
5 0.0188323 397 173 440 263
4 0.0187044 74 432 174 574
5 0.0185583 492 140 539 222
5 0.0183374 349 331 419 388
5 0.0181193 92 37 167 223
4 0.0181099 0 522 131 600
4 0.0180705 266 492 318 545
5 0.0179879 10 541 107 600
5 0.0178352 468 267 543 447
5 0.0178094 170 308 242 485
4 0.0177699 177 573 265 600
5 0.0177589 506 118 581 294
5 0.0177454 431 268 505 444
5 0.0176595 433 84 504 261
0 0.0176081 1 322 143 600
5 0.0175444 547 114 600 296
1 0.0172534 420 351 600 600
4 0.017242 0 567 27 600
1 0.0171438 0 446 285 600
5 0.0171312 212 230 260 314
4 0.0171198 344 578 396 600
5 0.0170809 391 390 473 543
5 0.0170102 93 116 167 294
5 0.0169828 161 18 251 169
5 0.0169344 130 345 206 523
2 0.0168449 258 108 314 137
5 0.0168016 202 241 236 307
5 0.0166877 464 169 547 318
5 0.0166427 131 193 204 370
5 0.0164711 238 0 340 52
5 0.0164263 134 492 206 600
4 0.0163955 59 555 106 600
4 0.0163509 192 549 281 593
5 0.0163015 266 326 312 405
4 0.0162728 461 514 566 591
1 0.0161338 0 0 98 196
5 0.0161239 94 192 167 371
5 0.0161226 125 16 214 171
4 0.0160269 360 518 415 550
5 0.0160195 0 308 49 483
5 0.0159231 171 493 243 600
5 0.0159182 335 286 429 390
5 0.0157797 464 0 550 83
4 0.0157232 275 573 332 600
5 0.0157156 549 111 600 208
5 0.0157045 394 273 466 440
5 0.0156642 0 481 61 600
5 0.0156561 511 142 555 222
5 0.0156219 56 268 130 443
4 0.0156086 253 499 309 536
4 0.0155732 252 480 310 518
