0 0.928087 98 170 261 557
3 0.477062 150 54 231 131
2 0.203704 165 102 236 141
0 0.112991 56 110 539 539
3 0.0749457 174 79 236 129
0 0.0719666 238 30 600 386
0 0.0704344 41 265 489 600
0 0.068781 57 216 213 599
0 0.0679564 0 152 305 538
2 0.0565287 164 118 228 159
4 0.050195 441 546 600 600
0 0.0450834 283 0 547 263
2 0.042489 192 108 231 142
1 0.0392863 437 8 594 99
4 0.0389833 325 570 405 600
0 0.0386677 289 168 581 549
1 0.0381043 238 227 584 571
1 0.0378994 441 47 591 138
4 0.0372257 0 577 43 600
0 0.0371813 419 0 600 54
0 0.0369592 21 31 411 415
0 0.0366824 255 150 462 529
0 0.035747 440 162 592 578
3 0.0354234 148 44 210 109
2 0.0336047 166 135 227 177
0 0.0326703 148 48 214 129
0 0.0319392 117 82 251 404
4 0.0317726 122 570 204 600
0 0.0292825 133 397 275 588
3 0.0282447 154 83 227 153
3 0.0279849 164 65 240 114
1 0.0247221 430 53 591 219
4 0.0241237 316 545 385 600
1 0.0237776 114 257 317 600
4 0.0234409 0 561 27 600
4 0.0231914 68 577 144 600
4 0.0231866 548 570 600 600
0 0.0230631 157 242 316 597
2 0.0230156 192 126 230 160
5 0.0222681 194 427 285 585
5 0.0222176 47 428 137 587
5 0.0220112 244 373 315 563
4 0.0218578 419 527 464 593
1 0.021822 476 0 591 55
2 0.0217561 187 86 234 130
5 0.0207692 148 479 263 597
5 0.02073 568 557 600 600
4 0.0205678 281 576 350 600
4 0.0203908 360 558 406 600
5 0.0203346 55 334 132 539
0 0.0202713 121 186 265 337
0 0.0202498 303 9 473 198
5 0.0202244 12 18 100 169
5 0.0201435 276 431 363 583
1 0.0197061 445 330 600 600
4 0.0192675 30 576 108 600
5 0.0190259 0 0 51 99
5 0.0189121 318 190 393 373
4 0.0188954 369 574 442 600
5 0.018715 132 397 216 594
4 0.0187016 431 522 483 588
5 0.0185152 388 202 475 363
5 0.018511 281 230 355 411
4 0.0183662 444 486 579 600
5 0.0183525 12 428 104 586
5 0.0181529 313 431 401 584
5 0.0181524 232 349 272 432
4 0.018076 422 544 491 600
4 0.0180481 7 542 59 600
0 0.0180185 416 0 583 349
4 0.0178033 114 563 174 600
4 0.0176921 0 523 24 588
5 0.0176851 239 241 323 401
5 0.0176773 159 57 224 128
5 0.0176254 280 155 355 334
1 0.0176177 264 0 485 316
4 0.0175298 380 560 424 600
5 0.0174879 281 338 357 528
5 0.0172431 431 226 504 414
5 0.0171805 0 41 49 219
4 0.0171506 251 487 290 579
5 0.0171266 0 490 50 600
2 0.0171216 151 91 231 170
5 0.0170553 317 114 395 299
0 0.0168967 243 199 317 373
4 0.0168542 239 576 308 600
5 0.0166667 11 0 99 81
5 0.0166206 318 267 393 451
5 0.016619 393 109 468 300
5 0.0166013 356 187 429 373
1 0.0165181 483 63 598 187
5 0.0164265 356 418 430 593
5 0.0164254 425 124 512 284
5 0.0163527 394 264 468 457
5 0.0163402 480 0 600 51
5 0.0163088 19 266 94 455
0 0.0161752 329 1 484 349
5 0.0161444 496 380 600 600
5 0.0160769 54 264 131 467
5 0.0160457 280 33 359 222
5 0.0160443 276 262 403 570
5 0.0160174 0 117 49 296
5 0.0159526 430 335 508 524
5 0.0158986 566 427 600 493
5 0.0157756 56 9 131 178
5 0.0157756 20 335 96 526
5 0.0157411 356 265 429 452
1 0.0157364 486 43 582 85
2 0.0157364 196 96 250 145
5 0.0156634 18 79 93 256
5 0.0155982 394 334 468 524
5 0.0155655 162 395 245 597
5 0.0155525 90 419 175 585
1 0.0155321 419 245 560 560
5 0.0153834 465 378 556 549
4 0.0153421 254 275 289 352
5 0.015274 245 304 316 491
5 0.015268 394 418 467 593
5 0.0152228 241 11 314 182
5 0.0150997 0 230 48 410
5 0.0150884 568 0 600 43
5 0.0150276 248 423 386 515
2 0.0150216 307 0 349 45
5 0.0148927 303 259 412 380
0 0.0148914 132 56 217 180
