0 0.964117 90 145 412 381
1 0.963845 197 270 452 494
4 0.829471 267 512 358 570
1 0.580541 287 300 471 478
4 0.554571 324 478 436 543
4 0.334765 289 494 389 570
4 0.151534 355 509 442 551
0 0.12019 124 205 403 476
0 0.100655 58 110 538 533
4 0.0912831 295 526 374 572
1 0.0861793 231 389 322 509
1 0.0719238 362 322 475 473
1 0.0694116 342 386 450 480
1 0.065933 224 316 332 497
4 0.0624788 318 470 394 535
4 0.0578465 242 498 349 584
4 0.0545916 339 468 487 552
5 0.0507833 56 302 156 379
1 0.0465384 149 368 342 600
4 0.0461765 260 476 393 553
4 0.0444621 259 520 372 600
4 0.040624 250 510 313 560
4 0.0404176 238 515 271 556
4 0.0403751 46 446 83 510
0 0.037756 0 163 334 539
4 0.0374642 334 488 444 576
0 0.0368273 105 10 582 311
4 0.0365642 245 518 297 553
2 0.036356 250 93 332 123
5 0.0353866 430 183 487 245
0 0.0344999 179 161 389 341
2 0.0324689 254 106 332 135
4 0.0297585 18 494 84 532
5 0.0291987 129 267 251 351
4 0.0288393 0 508 27 565
1 0.0287558 225 327 465 588
5 0.0272782 52 243 136 386
4 0.0271091 327 493 407 554
4 0.0268276 371 528 448 563
4 0.0267431 23 480 80 516
5 0.0253989 117 305 234 382
4 0.025378 239 496 271 538
2 0.0251337 248 113 328 158
3 0.0249282 226 68 323 106
5 0.0235888 373 173 467 265
0 0.0234019 63 264 467 578
5 0.0229899 89 240 175 385
4 0.0229798 297 502 354 554
4 0.0223937 44 480 85 539
4 0.0223708 367 486 432 539
4 0.0219524 9 504 46 563
4 0.0218505 267 505 323 549
4 0.0217284 393 496 441 546
2 0.0216289 219 119 301 165
4 0.021304 224 535 276 568
5 0.0208693 172 285 261 329
4 0.0206591 237 470 270 521
4 0.0206584 0 464 35 494
4 0.0204108 256 501 298 545
5 0.0202715 127 263 237 314
5 0.0202187 551 127 592 193
5 0.0199975 153 255 267 329
5 0.0199602 270 263 342 317
1 0.0199142 340 439 435 481
0 0.0195638 434 37 584 440
5 0.0194976 79 293 187 402
4 0.0192858 245 535 296 567
5 0.0191915 383 230 457 273
4 0.0188997 325 562 368 600
4 0.0187577 474 575 564 600
5 0.0185737 51 319 137 463
5 0.0185495 412 184 494 274
5 0.0183716 197 267 271 318
5 0.018109 56 158 132 340
4 0.0181084 0 576 41 600
0 0.0180673 272 172 582 539
5 0.0176837 403 204 471 266
4 0.0176601 0 482 39 515
3 0.0176041 212 56 313 122
5 0.0176012 555 157 590 206
4 0.0175999 2 486 59 548
5 0.0175314 552 38 589 103
5 0.0175128 394 79 467 258
5 0.0175025 431 79 504 257
4 0.0174684 18 513 85 554
5 0.0173536 0 492 49 600
1 0.0173084 237 306 378 386
4 0.017186 442 270 471 319
5 0.0171093 55 88 130 262
4 0.01699 274 541 428 600
5 0.0169828 38 276 164 364
4 0.016946 492 563 539 600
5 0.0167671 414 173 472 233
2 0.016682 210 99 276 144
4 0.0166725 330 522 446 600
