1 0.827856 287 300 421 590
0 0.755002 279 110 407 412
0 0.665236 132 121 303 466
0 0.503946 287 187 415 532
1 0.275132 194 444 271 598
0 0.190248 299 117 411 283
5 0.189961 191 478 263 600
3 0.169714 238 19 298 77
3 0.1434 550 80 594 125
0 0.117713 546 124 600 237
1 0.114981 170 372 250 569
1 0.113289 204 530 271 598
5 0.108394 268 346 304 423
2 0.107955 251 73 300 102
4 0.0889474 269 544 311 599
4 0.0882267 518 545 591 597
5 0.0820565 407 313 461 373
0 0.0789629 59 122 535 534
3 0.0788392 338 44 400 88
5 0.0773801 395 277 468 372
1 0.0734894 291 384 371 599
5 0.0670883 252 344 293 451
1 0.0657431 542 341 600 566
1 0.0647033 204 339 274 522
5 0.0634065 531 280 584 340
5 0.0619546 268 316 308 400
5 0.0604256 400 280 448 347
1 0.0574747 347 385 420 600
1 0.0552601 167 302 248 484
0 0.0535974 541 135 600 326
1 0.0529481 152 489 271 593
0 0.0516702 213 133 447 541
0 0.0514146 132 221 265 518
0 0.0512437 303 93 411 209
2 0.0512369 343 70 395 101
4 0.0484026 445 572 545 600
1 0.047577 317 432 399 600
3 0.046734 325 17 409 92
0 0.0462643 304 132 455 375
1 0.0461649 310 284 402 483
4 0.0460673 285 577 344 600
1 0.0443178 137 421 213 592
3 0.0433119 245 38 298 89
1 0.0410467 117 479 229 597
4 0.0401773 146 577 218 600
2 0.0398351 548 107 583 131
0 0.0394855 394 157 463 335
4 0.0390166 354 535 408 599
4 0.0389679 536 562 599 600
5 0.0371981 253 316 294 400
4 0.0370217 0 576 44 600
0 0.0369492 291 151 373 390
5 0.0367138 164 253 250 450
4 0.0362811 371 575 444 600
4 0.0362752 411 546 598 600
2 0.0362464 252 83 304 116
5 0.0361719 149 285 198 381
1 0.0351453 205 470 264 545
5 0.0348305 389 294 423 373
2 0.0347011 553 98 594 139
5 0.0346101 138 264 209 449
5 0.0345286 183 495 226 584
4 0.0341728 60 512 164 593
0 0.0335057 177 109 294 252
5 0.0332328 214 524 272 596
5 0.0322652 522 298 553 354
2 0.0322023 552 80 593 120
4 0.0313232 269 507 310 577
4 0.0313209 70 543 142 596
0 0.0312519 37 56 425 420
0 0.0303542 200 240 279 459
2 0.0301042 339 78 396 134
5 0.0298658 250 543 301 597
2 0.0295386 350 57 405 107
4 0.0293881 320 578 381 600
1 0.0292037 500 409 591 581
1 0.0287342 475 328 545 539
4 0.0285931 40 577 106 600
4 0.0284241 309 558 347 600
1 0.0274403 506 276 600 570
4 0.0266375 125 343 156 398
1 0.0265286 544 202 597 301
5 0.0262197 351 253 407 324
4 0.0261648 58 567 116 600
4 0.0259863 329 556 364 600
1 0.0259384 391 369 461 571
1 0.0254511 246 419 313 600
