0 0.997591 187 110 339 302
1 0.987386 176 275 342 527
5 0.970654 332 161 457 287
4 0.910332 244 483 352 574
2 0.656749 164 70 243 100
3 0.0658292 161 32 256 92
0 0.0650106 59 120 533 530
2 0.057053 169 77 234 114
0 0.0554014 331 162 446 283
4 0.0540297 347 256 433 287
4 0.0522904 209 481 322 590
2 0.0519597 164 49 253 105
1 0.0400142 190 204 283 298
4 0.0383005 291 498 346 567
5 0.036758 320 114 410 267
0 0.0363273 201 116 291 218
5 0.0321448 330 142 369 190
4 0.0310991 271 552 346 580
5 0.0305303 372 247 434 290
5 0.0302504 340 155 419 194
5 0.0295251 345 93 473 301
5 0.0285107 209 148 276 206
4 0.027542 306 563 347 600
5 0.0274176 200 162 236 228
5 0.0272948 329 158 374 242
4 0.0267284 0 575 45 600
5 0.0265943 393 162 449 239
4 0.0265104 254 523 344 572
0 0.0262628 82 9 473 318
1 0.0253454 210 407 323 510
5 0.0252183 416 166 455 233
4 0.0252179 573 503 600 573
4 0.0251173 397 229 440 287
0 0.0243731 445 186 588 494
4 0.0242978 182 265 216 316
0 0.0239804 0 154 324 507
0 0.0239479 229 57 575 386
4 0.0230152 239 513 277 565
5 0.0221909 398 152 515 269
4 0.0221868 0 507 21 566
5 0.0218866 339 145 395 208
3 0.0216737 5 259 90 347
4 0.0209449 327 510 361 558
5 0.0209082 352 54 432 237
5 0.0205976 194 214 242 300
4 0.0204321 0 558 28 600
2 0.0204262 188 65 263 102
4 0.0201558 138 575 224 600
4 0.0201037 296 575 362 600
4 0.0199623 508 270 600 363
5 0.0198948 306 114 351 173
4 0.019842 0 469 21 525
4 0.0196486 227 537 272 571
4 0.0195212 470 534 563 573
4 0.019072 0 488 21 544
4 0.0188918 192 235 236 307
4 0.0184662 545 527 600 579
4 0.018366 97 575 188 600
4 0.0181415 289 560 332 600
4 0.0181142 223 519 253 561
4 0.0181053 395 534 489 573
5 0.0180954 430 42 505 227
4 0.017985 378 574 470 600
1 0.0179368 193 281 326 392
1 0.0178546 38 237 384 551
4 0.0176852 59 574 152 600
5 0.0176616 390 45 465 234
5 0.0176596 411 257 529 373
2 0.0175885 166 66 268 122
4 0.0174427 354 268 424 297
4 0.0172462 183 227 219 291
0 0.0171444 429 43 586 423
5 0.0170778 0 492 49 600
4 0.0170502 262 479 348 534
4 0.0167082 472 573 561 600
4 0.0164848 186 577 254 600
4 0.0164622 519 576 593 600
5 0.0163577 339 0 486 261
4 0.0163341 239 492 279 546
3 0.01633 512 259 597 344
4 0.0163262 382 252 439 287
5 0.0162538 384 220 444 283
0 0.016239 239 132 336 267
3 0.0162038 176 33 271 69
5 0.0161404 166 245 199 297
4 0.0161076 347 511 384 557
4 0.0160484 558 573 600 600
4 0.0159751 254 492 331 555
5 0.0159599 351 0 435 84
5 0.0159431 342 148 410 178
0 0.0159318 171 127 252 296
4 0.0159222 516 535 593 572
5 0.0158961 307 160 346 245
5 0.0158413 52 508 136 600
5 0.0158348 462 356 550 504
4 0.015798 337 498 399 534
5 0.0157585 93 416 169 595
2 0.0157216 518 107 549 130
4 0.0156131 0 482 26 512
4 0.0155803 475 511 587 591
4 0.0154897 234 560 272 600
4 0.0154286 221 554 271 585
5 0.015404 133 0 207 98
