0 0.991786 203 154 407 348
5 0.983475 152 378 260 501
1 0.978624 231 293 374 527
4 0.839814 304 509 356 555
3 0.830013 259 88 363 132
4 0.483508 228 513 289 551
2 0.322112 278 123 347 141
4 0.120481 244 465 291 537
1 0.0859181 201 241 278 343
5 0.0683776 181 345 315 513
5 0.0653357 36 233 148 337
0 0.0596021 62 122 533 529
5 0.0584032 216 252 304 355
4 0.0518621 265 517 321 550
3 0.0493149 286 102 368 137
5 0.0425336 228 270 278 354
4 0.0410391 68 575 141 600
4 0.0406687 224 481 291 550
3 0.0391659 240 93 377 150
0 0.0378433 208 210 388 452
4 0.0367964 329 516 390 549
2 0.0353534 267 119 341 155
4 0.0340235 309 482 351 538
5 0.0337875 189 358 242 418
4 0.0335908 295 500 343 546
4 0.0332496 321 474 366 531
5 0.032732 301 199 400 352
5 0.0316099 352 206 429 351
4 0.0315478 150 478 223 511
5 0.0313481 521 274 584 338
4 0.0310647 235 520 298 564
5 0.0306766 154 400 213 489
0 0.0306483 229 211 386 333
5 0.0304075 209 352 251 424
0 0.0289738 229 61 575 393
5 0.0285837 19 8 179 99
1 0.0284791 266 251 384 353
4 0.0281255 224 502 260 538
5 0.0276619 197 339 235 401
5 0.0275992 123 331 253 485
1 0.0269446 198 253 239 334
5 0.0245229 341 287 383 362
4 0.0244012 473 556 534 591
5 0.0240394 286 251 384 362
4 0.0235899 336 494 390 543
4 0.0233481 142 576 223 600
5 0.0231873 177 349 251 437
4 0.0223373 431 310 490 343
4 0.0223233 269 476 306 527
4 0.022303 300 529 359 562
5 0.0221126 66 252 166 347
4 0.022034 527 558 589 590
0 0.0220302 58 11 464 320
2 0.0215603 258 97 362 150
4 0.0212964 355 517 419 551
5 0.0212394 318 264 376 351
5 0.0212046 235 101 271 155
5 0.0208598 230 249 356 341
5 0.0205618 181 363 267 468
4 0.0202777 81 301 161 348
3 0.0199798 258 69 400 135
4 0.0199418 177 316 208 341
5 0.0198064 0 2 107 95
4 0.0196532 0 575 43 600
2 0.0195458 287 143 335 173
4 0.0194818 295 481 329 528
4 0.0194375 345 477 382 527
4 0.0193475 529 522 585 550
4 0.019129 319 436 368 518
4 0.0188997 269 535 325 562
2 0.0188977 288 125 335 150
4 0.0185681 309 541 345 576
4 0.0184722 435 331 491 356
5 0.0184565 144 409 183 480
0 0.0183497 0 93 331 454
5 0.0182894 199 153 234 213
1 0.018188 7 0 152 259
0 0.0181744 429 0 596 376
5 0.0180669 11 248 46 298
4 0.0180618 71 556 145 594
4 0.0180042 370 517 445 553
4 0.0178303 559 559 600 589
5 0.0177533 9 224 48 285
5 0.0177108 236 259 310 328
2 0.0174866 254 105 332 138
5 0.0173404 378 223 481 336
5 0.0172867 125 58 213 207
5 0.0172417 114 276 160 341
5 0.0172358 53 47 203 133
4 0.017178 354 462 414 498
4 0.0171756 475 577 532 600
1 0.0171618 240 295 357 412
5 0.0169753 92 352 171 514
4 0.0169411 501 556 574 591
5 0.0168081 181 366 233 406
4 0.0167538 107 578 182 600
1 0.0167194 156 359 325 600
5 0.0167152 256 90 296 135
5 0.0167099 548 0 600 102
0 0.016628 11 3 220 212
5 0.0166122 29 247 119 299
4 0.0165851 215 492 271 542
