0 0.979255 145 110 412 304
1 0.937336 192 252 359 406
4 0.935479 205 533 265 597
1 0.271931 261 335 353 423
1 0.209832 187 289 293 392
2 0.16907 255 69 335 98
2 0.137765 247 160 335 197
0 0.0711652 60 120 538 530
5 0.065367 337 175 438 255
1 0.0562062 215 317 329 407
0 0.055579 0 129 52 299
1 0.0535743 205 364 298 404
0 0.0436251 247 113 414 233
1 0.0389056 228 358 324 409
5 0.0359683 14 150 65 242
5 0.0341612 322 315 368 406
1 0.0341002 310 234 388 406
1 0.0340762 272 275 370 415
0 0.0336545 100 20 546 312
0 0.0314899 427 58 580 425
4 0.0302417 0 553 32 598
2 0.0297341 256 176 330 211
1 0.0287782 246 373 339 421
4 0.0285047 0 576 44 600
0 0.0276019 196 100 400 197
0 0.0271895 273 244 364 373
4 0.027112 487 574 583 600
4 0.0269859 196 499 285 596
5 0.0256696 340 302 380 393
5 0.024035 351 137 430 287
5 0.0238731 372 151 474 260
2 0.0233253 257 56 339 85
0 0.0223069 39 49 389 369
2 0.0222972 248 82 333 122
4 0.0220431 197 546 242 600
4 0.0219733 2 552 61 599
5 0.0214983 0 491 50 600
5 0.021302 140 131 183 196
1 0.0210558 425 338 600 600
4 0.0208985 228 463 273 539
4 0.0206712 214 492 257 556
5 0.0205609 430 45 504 221
0 0.0203856 252 93 600 450
4 0.0201815 399 577 491 600
5 0.0196736 296 192 419 296
4 0.0196275 0 314 26 385
4 0.0195899 238 494 299 535
1 0.0194832 0 203 32 303
4 0.019111 260 531 337 574
5 0.0187381 281 190 345 243
2 0.018418 227 163 303 194
5 0.0183467 274 154 421 249
4 0.0183076 304 573 392 600
5 0.0183057 50 278 136 437
5 0.0182853 288 210 347 261
1 0.0182762 213 383 299 417
5 0.018237 359 492 429 600
0 0.0181753 49 170 131 313
5 0.0180735 126 0 211 82
5 0.0180139 465 222 564 317
5 0.0179877 319 212 418 250
4 0.0179525 451 574 551 600
0 0.0179041 185 180 316 304
5 0.0176969 469 43 542 221
4 0.0176219 203 541 344 600
4 0.017621 226 517 268 575
5 0.0175478 270 191 313 243
4 0.0175122 203 565 271 597
2 0.0171824 0 67 25 109
5 0.0171194 151 117 203 196
4 0.0170092 364 576 448 600
5 0.0170085 94 8 167 181
4 0.0168143 226 552 271 600
5 0.0167959 350 204 433 348
1 0.0167406 249 222 374 363
5 0.0166084 288 220 336 285
5 0.0165847 387 202 470 349
4 0.016484 0 530 25 589
5 0.0164218 349 430 436 584
4 0.0163495 201 522 243 575
3 0.0163359 258 30 341 68
5 0.0162331 271 208 311 267
5 0.016175 395 0 468 99
4 0.0161545 46 573 127 600
5 0.0161249 89 0 173 83
5 0.016086 426 204 512 354
5 0.0160554 547 0 600 103
1 0.0160442 191 215 310 320
5 0.0160113 170 0 244 102
5 0.0160072 470 227 543 409
1 0.0159949 189 366 261 402
5 0.0158302 12 431 100 582
5 0.0158062 321 491 392 600
5 0.01579 93 341 167 520
5 0.0157227 56 337 131 521
4 0.0156872 252 526 288 580
2 0.01557 0 79 25 129
5 0.0155295 56 415 131 594
5 0.015514 95 85 167 254
4 0.0154425 196 464 276 570
