0 0.908445 286 129 486 338
4 0.488436 116 528 233 600
0 0.293496 205 216 474 562
1 0.260244 219 261 462 561
5 0.10071 280 273 493 519
0 0.0957694 61 113 543 538
0 0.0562714 269 159 582 542
0 0.0515003 230 35 582 368
4 0.048651 144 491 247 587
1 0.0432089 201 233 337 551
2 0.0426977 292 117 368 164
1 0.0371808 303 290 487 495
2 0.0367222 309 77 382 121
4 0.036559 248 535 296 600
5 0.0357332 360 319 502 472
4 0.0342848 196 537 264 600
4 0.0325438 110 566 211 600
0 0.0321428 29 38 420 427
4 0.0319548 196 573 277 600
4 0.0314871 219 539 282 600
4 0.02895 137 539 306 600
4 0.0282174 171 463 250 552
5 0.0272984 228 498 276 573
0 0.0255202 305 230 481 436
2 0.0247427 297 126 364 186
5 0.0244818 404 333 498 441
4 0.0231585 449 339 502 430
0 0.0228522 280 48 377 150
0 0.0225658 7 178 308 542
5 0.0225544 0 493 51 600
5 0.021773 164 18 249 169
3 0.0214976 290 32 386 119
4 0.0214504 105 475 258 563
5 0.0211811 423 282 506 461
4 0.021145 246 507 344 598
0 0.0210186 349 112 462 210
5 0.0205876 390 284 548 535
2 0.0202222 327 64 397 106
1 0.0201936 406 319 497 429
1 0.0199849 117 503 395 600
4 0.0199244 0 574 46 600
5 0.019902 449 353 500 441
5 0.0197524 128 17 212 170
4 0.0193961 92 575 169 600
0 0.0192299 438 0 589 356
5 0.0191162 56 82 130 260
1 0.0190275 26 233 386 557
1 0.0190101 200 248 294 476
5 0.0189951 468 197 541 371
5 0.0188808 206 7 279 184
4 0.0188384 175 503 272 596
1 0.0188317 158 467 310 560
4 0.0187281 149 570 240 600
5 0.0186467 245 14 318 184
0 0.0184577 151 191 326 563
1 0.0183861 501 0 600 190
5 0.0181653 56 155 130 333
5 0.018111 305 114 354 175
4 0.0179636 183 451 246 515
5 0.017701 198 239 349 538
5 0.017699 468 6 543 183
5 0.0174077 547 0 600 104
0 0.016974 17 5 156 408
1 0.0169406 0 0 155 260
5 0.016927 93 193 167 370
5 0.0168606 93 83 167 258
4 0.0168448 23 547 206 600
4 0.0166562 452 377 496 451
5 0.0166312 11 94 100 245
4 0.016581 433 398 481 468
5 0.0165728 431 0 507 102
4 0.016446 471 348 511 420
5 0.0164324 88 16 175 169
5 0.0164308 288 107 336 171
5 0.0163717 164 0 250 87
1 0.016307 24 124 162 213
2 0.01609 285 0 339 35
0 0.0159857 15 149 162 534
5 0.0159854 168 83 241 256
5 0.0159846 547 41 600 223
5 0.0159563 463 0 550 85
5 0.0159536 319 0 393 104
5 0.0157817 395 0 468 102
5 0.0157741 38 110 151 228
5 0.0157439 56 230 130 407
1 0.0157132 508 0 600 92
5 0.0156925 274 30 362 163
5 0.015683 505 234 581 408
5 0.0156788 11 17 101 168
5 0.0156782 252 489 376 596
5 0.0156753 131 82 204 257
4 0.0156722 133 524 194 594
5 0.0155661 246 93 316 264
5 0.0155653 505 46 581 219
4 0.0155205 48 575 128 600
4 0.0155019 436 575 526 600
5 0.0154913 10 389 102 546
5 0.0154531 17 156 95 331
5 0.0153706 50 15 138 169
5 0.0153404 468 87 542 260
4 0.015279 237 571 313 600
5 0.015235 357 0 430 102
5 0.0151409 0 268 49 446
1 0.015134 235 422 400 587
5 0.0150971 465 270 540 442
5 0.015078 244 0 319 105
5 0.0150498 202 0 286 87
5 0.0150389 546 229 600 411
5 0.0150155 206 85 279 258
4 0.0150123 0 561 29 600
5 0.0149399 0 193 49 370
1 0.0147949 177 418 573 590
5 0.0147932 547 154 600 334
5 0.0147782 132 233 205 411
5 0.0147676 282 0 356 104
1 0.0147614 61 87 200 174
