0 0.996741 6 78 195 310
0 0.993362 421 87 600 307
1 0.987536 17 280 182 533
1 0.986172 440 265 593 538
4 0.943818 293 548 392 593
4 0.905538 437 547 484 596
4 0.895541 516 543 566 600
4 0.890039 222 547 277 599
1 0.849047 242 381 376 547
4 0.847049 85 538 143 594
0 0.84148 191 96 399 408
2 0.839762 462 39 536 63
2 0.792785 59 42 139 68
2 0.758158 272 32 358 62
4 0.708908 32 471 78 554
1 0.551348 448 354 563 564
1 0.337491 212 397 282 566
1 0.295133 303 424 376 538
5 0.0972849 158 356 198 454
4 0.0747211 536 551 590 600
4 0.0710425 445 526 492 594
0 0.0692101 413 142 596 564
0 0.0659826 57 120 533 530
5 0.0640987 534 230 598 283
4 0.0639284 441 511 481 580
2 0.0554848 54 31 148 79
1 0.055342 81 331 176 537
5 0.0525072 175 355 210 427
1 0.052245 442 393 516 533
1 0.0512087 266 320 363 493
2 0.0510021 277 41 353 77
4 0.0504506 212 570 274 598
4 0.0494038 79 552 126 590
4 0.0490923 504 536 544 587
1 0.0482363 179 382 245 563
4 0.0446738 516 515 558 578
4 0.0443072 507 568 568 598
4 0.0441887 100 546 162 596
4 0.0432729 432 570 494 598
1 0.0427697 219 357 380 447
5 0.042532 163 338 198 413
5 0.0420209 477 228 580 271
4 0.0410168 36 457 89 516
4 0.0398758 208 449 282 588
4 0.0391998 17 468 66 533
5 0.0391827 154 399 204 512
